time,equity
1515024000,10000.000000
1515423960,9987.505859
1515424020,9940.083008
1515424080,10041.559570
1515424140,10210.687500
1515424200,10344.568359
1515424260,10366.285156
1515424320,10413.640625
1515424380,10440.701172
1515424440,10445.369141
1515424500,10616.595703
1515424560,10670.714844
1515424620,10697.775391
1515424680,10731.668945
1515424740,10772.192383
1515424800,10684.246094
1515424860,10664.017578
1515424920,10785.654297
1515424980,10934.555664
1515425040,10981.843750
1515425100,10900.255859
1515425160,10839.775391
1515425220,10831.927734
1515425280,10882.666016
1515425340,10949.236328
1515425400,10924.339844
1515425460,10988.675781
1515425520,11049.021484
1515425580,11070.263672
1515425640,11031.093750
1515425700,10964.525391
1515425760,10988.675781
1515425820,10976.633789
1515425880,10887.402344
1515425940,10907.291016
1515426000,10900.932617
1515426060,11042.662109
1515426120,11056.935547
1515426180,11084.130859
1515426240,11069.789062
1515426300,11044.556641
1515426360,11110.448242
1515426420,11096.917969
1515426480,11049.968750
1515426540,10969.125000
1515426600,10888.484375
1515426660,10887.267578
1515426720,11022.772461
1515426780,11021.892578
1515426840,10987.728516
1515426900,10941.658203
1515426960,10950.115234
1515427020,10921.091797
1515427080,10853.441406
1515427140,10920.551758
1515427200,11096.917969
1515427260,10982.250000
1515427320,11002.544922
1515427380,11042.865234
1515427440,11056.327148
1515427500,11076.757812
1515427560,11095.835938
1515427620,11093.806641
1515427680,11069.044922
1515427740,11056.530273
1515427800,11090.017578
1515427860,11094.007812
1515427920,11124.181641
1515427980,11134.802734
1515428040,11229.988281
1515428100,11180.466797
1515428160,11172.281250
1515428220,11157.939453
1515428280,11171.199219
1515428340,11191.628906
1515428400,11221.125000
1515428460,11196.095703
1515428520,11225.455078
1515428580,11232.017578
1515428640,11232.423828
1515428700,11241.083008
1515428760,11238.985352
1515428820,11173.296875
1515428880,11132.096680
1515428940,11137.507812
1515429000,11137.507812
1515429060,11110.448242
1515429120,11096.917969
1515429180,11096.917969
1515429240,11076.690430
1515429300,10988.675781
1515429360,10981.911133
1515429420,11015.736328
1515429480,11076.690430
1515429540,11096.917969
1515429600,11125.669922
1515429660,11141.230469
1515429720,11170.861328
1515429780,11137.644531
1515429840,11191.359375
1515429900,11171.333984
1515429960,11151.039062
1515430020,11184.525391
1515430080,11211.924805
1515430140,11229.310547
1515430200,11232.220703
1515430260,11232.829102
1515430320,11252.515625
1515430380,11265.978516
1515430440,11245.886719
1515430500,11221.328125
1515430560,11204.483398
1515430620,11150.970703
1515430680,11223.966797
1515430740,11251.839844
1515430800,11238.782227
1515430860,11218.689453
1515430920,11238.714844
1515430980,11239.053711
1515431040,11222.208008
1515431100,11198.394531
1515431160,11171.199219
1515431220,11157.736328
1515431280,11193.726562
1515431340,11198.191406
1515431400,11171.199219
1515431460,11184.931641
1515431520,11191.833008
1515431580,11173.025391
1515431640,11183.580078
1515431700,11205.024414
1515431760,11225.251953
1515431820,11231.476562
1515431880,11225.792969
1515431940,11225.251953
1515432000,11242.299805
1515432060,11191.628906
1515432120,11272.472656
1515432180,11191.765625
1515432240,11168.627930
1515432300,11166.192383
1515432360,11138.523438
1515432420,11100.029297
1515432480,11144.273438
1515432540,11130.134766
1515432600,11121.814453
1515432660,11048.818359
1515432720,10988.675781
1515432780,11022.230469
1515432840,10976.904297
1515432900,10914.597656
1515432960,11082.981445
1515433020,11030.958008
1515433080,11041.713867
1515433140,10995.441406
1515433200,11050.103516
1515433260,11036.371094
1515433320,11023.042969
1515433380,11036.371094
1515433440,11022.501953
1515433500,11049.494141
1515433560,11056.597656
1515433620,11090.152344
1515433680,11080.208984
1515433740,11090.084961
1515433800,11094.820312
1515433860,11122.151367
1515433920,11137.237305
1515433980,11124.113281
1515434040,11137.507812
1515434100,11096.985352
1515434160,11130.744141
1515434220,11130.744141
1515434280,11131.351562
1515434340,11130.744141
1515434400,11130.744141
1515434460,11113.019531
1515434520,11106.050781
1515434580,11063.091797
1515434640,11098.136719
1515434700,11106.186523
1515434760,11106.253906
1515434820,11151.039062
1515434880,11157.804688
1515434940,11177.760742
1515435000,11164.636719
1515435060,11164.433594
1515435120,11191.628906
1515435180,11194.064453
1515435240,11185.203125
1515435300,11205.160156
1515435360,11211.857422
1515435420,11211.924805
1515435480,11225.455078
1515435540,11225.523438
1515435600,11232.152344
1515435660,11221.463867
1515435720,11228.904297
1515435780,11255.559570
1515435840,11259.280273
1515435900,11265.842773
1515435960,11293.039062
1515644340,11278.929688
1515644400,11464.643555
1515644460,11603.156250
1515644520,11655.558594
1515644580,11549.765625
1515644640,11377.745117
1515644700,11476.494141
1515644760,11476.494141
1515644820,11357.995117
1515644880,11279.061523
1515644940,11278.996094
1515645000,11253.320312
1515645060,11015.730469
1515645120,11147.396484
1515645180,11272.214844
1515645240,11384.064453
1515645300,11015.730469
1515645360,11186.830078
1515645420,11278.996094
1515645480,11345.355469
1515645540,11259.246094
1515645600,11127.449219
1515645660,11213.163086
1515645720,11181.497070
1515645780,11233.242188
1515645840,11357.995117
1515645900,11469.779297
1515645960,11476.560547
1515646020,11476.494141
1515646080,11637.785156
1515646140,11818.364258
1515646200,11783.472656
1515646260,11755.558594
1515646320,11886.632812
1515646380,11995.256836
1515646440,12082.156250
1515646500,12147.988281
1515646560,12043.380859
1515646620,11871.424805
1515646680,11845.552734
1515646740,11983.142578
1515646800,12009.871094
1515646860,11953.847656
1515646920,11885.315430
1515646980,12016.388672
1515647040,12054.308594
1515647100,12102.103516
1515647160,12205.328125
1515647220,12299.404297
1515647280,12332.452148
1515647340,12319.154297
1515647400,12338.904297
1515647460,12257.138672
1515647520,12134.822266
1515647580,12299.469727
1515647640,12367.210938
1515647700,12358.257812
1515647760,12371.820312
1515647820,12411.451172
1515647880,12325.737305
1515647940,12296.638672
1515648000,12200.588867
1515648060,12177.613281
1515648120,12082.221680
1515648180,12223.300781
1515648240,12266.487305
1515648300,12141.800781
1515648360,12113.492188
1515648420,12025.078125
1515648480,12101.839844
1515648540,12055.625000
1515648600,12134.492188
1515648660,12131.398438
1515648720,12068.264648
1515648780,12108.488281
1515648840,12088.738281
1515648900,12047.263672
1515648960,12088.475586
1515649020,12108.422852
1515649080,12108.488281
1515649140,12194.072266
1515649200,12068.791016
1515649260,12100.720703
1515649320,12069.054688
1515649380,12094.005859
1515649440,12062.668945
1515649500,12053.978516
1515649560,12015.796875
1515649620,11970.240234
1515649680,11884.657227
1515649740,11828.896484
1515649800,11713.623047
1515649860,11826.724609
1515649920,11858.389648
1515649980,11739.693359
1515650040,11780.115234
1515650100,11739.825195
1515650160,11673.992188
1515650220,11766.290039
1515650280,11706.908203
1515650340,11752.333984
1515650400,11749.568359
1515650460,11838.904297
1515650520,11839.496094
1515650580,11799.404297
1515650640,11820.734375
1515650700,11878.074219
1515650760,11918.955078
1515650820,11980.772461
1515650880,12036.072266
1515650940,12024.947266
1515651000,12035.546875
1515651060,11970.240234
1515651120,11969.844727
1515651180,11978.798828
1515651240,11941.273438
1515651300,11904.011719
1515651360,11963.853516
1515651420,12001.773438
1515651480,12003.222656
1515651540,11971.687500
1515651600,11947.988281
1515651660,11930.476562
1515651720,11937.455078
1515651780,11932.122070
1515651840,11931.003906
1515651900,11930.476562
1515651960,11937.784180
1515652020,11970.173828
1515652080,12007.763672
1515652140,12036.006836
1515652200,12095.322266
1515652260,12134.822266
1515652320,12161.154297
1515652380,12133.636719
1515652440,12128.304688
1515652500,12141.405273
1515652560,12168.001953
1515652620,12192.556641
1515652680,12180.838867
1515652740,12170.832031
1515652800,12191.437500
1515652860,12202.958984
1515652920,12186.632812
1515652980,12193.675781
1515653040,12161.154297
1515653100,12158.850586
1515653160,12115.072266
1515653220,12075.638672
1515653280,12045.355469
1515653340,11997.429688
1515653400,11978.798828
1515653460,12016.585938
1515653520,11990.319336
1515653580,12050.951172
1515653640,12056.217773
1515653700,12069.779297
1515653760,12087.291016
1515653820,12086.830078
1515653880,12056.085938
1515653940,12023.236328
1515654000,12041.339844
1515654060,12003.287109
1515654120,12007.040039
1515654180,11996.375000
1515654240,11944.697266
1515654300,11991.306641
1515654360,11970.240234
1515654420,11976.823242
1515654480,11973.333984
1515654540,11943.972656
1515654600,11996.507812
1515654660,12036.072266
1515654720,12042.589844
1515654780,12061.945312
1515654840,12092.688477
1515654900,12068.264648
1515654960,12091.898438
1515655020,12092.556641
1515655080,12085.447266
1515655140,12101.839844
1515655200,12144.697266
1515655260,12159.707031
1515655320,12193.281250
1515655380,12200.654297
1515655440,12215.927734
1515655500,12279.719727
1515655560,12266.158203
1515655620,12253.320312
1515655680,12241.207031
1515655740,12323.761719
1515655800,12319.154297
1515655860,12279.719727
1515655920,12283.011719
1515655980,12292.953125
1515656040,12286.302734
1515656100,12246.738281
1515656160,12246.671875
1515656220,12214.150391
1515656280,12233.571289
1515656340,12233.636719
1515656400,12253.254883
1515656460,12236.994141
1515656520,12227.053711
1515656580,12240.877930
1515656640,12266.487305
1515656700,12266.552734
1515656760,12305.919922
1515656820,12319.679688
1515656880,12319.876953
1515656940,12351.937500
1515657000,12325.737305
1515657060,12325.934570
1515657120,12326.527344
1515657180,12318.693359
1515657240,12304.341797
1515657300,12309.871094
1515657360,12309.344727
1515657420,12305.722656
1515657480,12322.378906
1515657540,12318.955078
1515657600,12350.753906
1515657660,12365.169922
1515657720,12384.986328
1515657780,12418.560547
1515657840,12437.652344
1515657900,12439.297852
1516091280,12423.756836
1516091340,12404.248047
1516091400,12296.608398
1516091460,12199.509766
1516091520,12176.935547
1516091580,12326.507812
1516091640,12458.738281
1516091700,12332.936523
1516091760,12388.175781
1516091820,12403.425781
1516091880,12599.716797
1516091940,12751.306641
1516092000,12917.175781
1516092060,12911.119141
1516092120,12812.376953
1516092180,12749.064453
1516092240,12849.376953
1516092300,12842.650391
1516092360,12986.017578
1516092420,13036.625000
1516092480,13066.523438
1516092540,13044.173828
1516092600,13023.841797
1516092660,13006.724609
1516092720,12745.177734
1516092780,12627.373047
1516092840,12737.626953
1516092900,12819.851562
1516092960,12864.775391
1516093020,12807.070312
1516093080,12737.478516
1516093140,12787.260742
1516093200,12767.527344
1516093260,12719.015625
1516093320,12596.501953
1516093380,12454.329102
1516093440,12498.281250
1516093500,12505.457031
1516093560,12438.631836
1516093620,12520.855469
1516093680,12612.871094
1516093740,12621.019531
1516093800,12528.554688
1516093860,12438.631836
1516093920,12527.583984
1516093980,12490.956055
1516094040,12431.156250
1516094100,12451.115234
1516094160,12514.875000
1516094220,12505.906250
1516094280,12502.916016
1516094340,12423.681641
1516094400,12401.182617
1516094460,12423.607422
1516094520,12415.534180
1516094580,12386.457031
1516094640,12449.096680
1516094700,12530.273438
1516094760,12579.757812
1516094820,12615.787109
1516094880,12693.227539
1516094940,12618.029297
1516095000,12662.654297
1516095060,12560.547852
1516095120,12535.656250
1516095180,12588.204102
1516095240,12677.753906
1516095300,12550.531250
1516095360,12487.293945
1516095420,12452.833984
1516095480,12363.882812
1516095540,12415.459961
1516095600,12425.176758
1516095660,12371.357422
1516095720,12346.017578
1516095780,12214.384766
1516095840,12217.076172
1516095900,12162.060547
1516095960,12057.412109
1516096020,11945.288086
1516096080,11818.214844
1516096140,11860.298828
1516096200,11765.890625
1516096260,11990.137695
1516096320,12134.703125
1516096380,12150.174805
1516096440,12065.783203
1516096500,12162.060547
1516096560,12266.783203
1516096620,12178.878906
1516096680,12145.989258
1516096740,11990.287109
1516096800,12065.259766
1516096860,12177.009766
1516096920,12289.208984
1516096980,12271.119141
1516097040,12203.845703
1516097100,12315.295898
1516097160,12318.958984
1516097220,12318.435547
1516097280,12401.257812
1516097340,12468.457031
1516097400,12489.535156
1516097460,12551.128906
1516097520,12625.654297
1516097580,12617.282227
1516097640,12478.996094
1516097700,12401.033203
1516097760,12367.619141
1516097820,12363.882812
1516097880,12289.208984
1516097940,12326.507812
1516098000,12255.496094
1516098060,12252.506836
1516098120,12251.984375
1516098180,12326.507812
1516098240,12306.775391
1516098300,12253.030273
1516098360,12274.183594
1516098420,12266.634766
1516098480,12378.832031
1516098540,12333.833984
1516098600,12290.927734
1516098660,12342.953125
1516098720,12350.054688
1516098780,12431.007812
1516098840,12468.381836
1516098900,12476.005859
1516098960,12558.230469
1516099020,12602.929688
1516099080,12677.753906
1516099140,12696.141602
1516099200,12692.703125
1516099260,12595.605469
1516099320,12550.456055
1516099380,12513.380859
1516099440,12438.631836
1516099500,12422.187500
1516099560,12474.437500
1516099620,12383.840820
1516099680,12384.289062
1516099740,12364.032227
1516099800,12304.083984
1516099860,12261.177734
1516099920,12199.435547
1516099980,12251.833984
1516100040,12342.803711
1516100100,12289.133789
1516100160,12297.953125
1516100220,12401.257812
1516100280,12360.818359
1516100340,12385.933594
1516100400,12408.732422
1516100460,12476.005859
1516100520,12536.328125
1516100580,12535.805664
1516100640,12535.955078
1516100700,12581.477539
1516100760,12621.318359
1516100820,12604.050781
1516100880,12566.003906
1516100940,12617.954102
1516101000,12625.054688
1516101060,12588.129883
1516101120,12588.129883
1516101180,12603.080078
1516101240,12594.708008
1516101300,12618.178711
1516101360,12692.778320
1516101420,12718.941406
1516101480,12812.376953
1516101540,12812.376953
1516101600,12753.474609
1516101660,12693.525391
1516101720,12625.503906
1516101780,12733.815430
1516101840,12767.527344
1516101900,12797.426758
1516101960,12700.403320
1516102020,12678.052734
1516102080,12633.053711
1516102140,12588.129883
1516102200,12541.261719
1516102260,12618.029297
1516102320,12686.424805
1516102380,12630.960938
1516102440,12620.496094
1516102500,12677.454102
1516102560,12685.078125
1516102620,12677.678711
1516102680,12797.426758
1516102740,12812.376953
1516102800,12812.376953
1516102860,12834.501953
1516102920,12849.154297
1516102980,12887.050781
1516103040,12930.181641
1516103100,13036.625000
1516103160,13027.953125
1516103220,13019.431641
1516103280,13044.097656
1516103340,12992.148438
1516103400,12933.394531
1516103460,12901.925781
1516103520,12954.548828
1516103580,12947.224609
1516103640,12968.826172
1516103700,13036.625000
1516103760,13066.523438
1516103820,13145.755859
1516103880,13171.171875
1516103940,13171.322266
1516104000,13148.972656
1516104060,13170.275391
1516104120,13193.970703
1516104180,13171.097656
1516104240,13081.921875
1516104300,13014.199219
1516104360,13111.222656
1516104420,13147.550781
1516104480,13081.472656
1516104540,13146.281250
1516104600,13146.205078
1516104660,13162.351562
1516104720,13123.408203
1516104780,13117.277344
1516104840,13148.746094
1516104900,13189.859375
1516104960,13178.720703
1516105020,13160.781250
1516105080,13156.146484
1516105140,13036.474609
1516105200,12999.173828
1516105260,12988.037109
1516105320,12962.023438
1516105380,12849.228516
1516105440,12715.427734
1516105500,12846.537109
1516105560,12924.500000
1516105620,12827.326172
1516105680,12770.292969
1516105740,12842.650391
1516105800,12775.001953
1516105860,12785.167969
1516105920,12750.932617
1516105980,12694.273438
1516106040,12797.426758
1516106100,12763.939453
1516106160,12721.929688
1516106220,12685.378906
1516106280,12610.554688
1516106340,12726.490234
1516106400,12722.080078
1516106460,12662.878906
1516106520,12662.878906
1516106580,12763.490234
1516106640,12737.253906
1516106700,12685.302734
1516106760,12700.328125
1516106820,12761.771484
1516106880,12744.579102
1516106940,12767.527344
1516107000,12750.333984
1516107060,12730.152344
1516107120,12722.155273
1516107180,12686.275391
1516107240,12670.578125
1516107300,12677.828125
1516107360,12722.677734
1516107420,12729.778320
1516107480,12767.527344
1516107540,12827.326172
1516107600,12878.679688
1516107660,12923.603516
1516107720,12932.050781
1516107780,12887.125000
1516107840,12872.175781
1516107900,12902.224609
1516107960,12907.755859
1516108020,12849.601562
1516108080,12848.705078
1516108140,12832.334961
1516108200,12819.851562
1516108260,12775.451172
1516108320,12854.085938
1516108380,12877.183594
1516108440,12939.449219
1516108500,12961.800781
1516108560,12902.523438
1516108620,12887.050781
1516108680,12917.025391
1516108740,12866.121094
1516108800,12946.775391
1516108860,12898.787109
1516108920,12876.511719
1516108980,12893.927734
1516109040,12906.486328
1516109100,12930.628906
1516109160,12887.873047
1516109220,12860.962891
1516109280,12874.716797
1516109340,12883.539062
1516109400,12759.304688
1516109460,12763.939453
1516109520,12718.941406
1516109580,12736.880859
1516109640,12707.876953
1516109700,12777.468750
1516109760,12760.052734
1516109820,12732.544922
1516109880,12716.324219
1516109940,12694.347656
1516110000,12625.503906
1516110060,12618.328125
1516110120,12619.523438
1516110180,12610.554688
1516110240,12588.054688
1516110300,12565.554688
1516110360,12670.279297
1516110420,12532.442383
1516110480,12513.380859
1516110540,12580.654297
1516110600,12483.256836
1516110660,12455.001953
1516110720,12348.857422
1516110780,12319.107422
1516110840,12401.556641
1516110900,12318.360352
1516110960,12289.133789
1516111020,12351.698242
1516111080,12296.608398
1516111140,12377.935547
1516111200,12304.083984
1516111260,12401.257812
1516111320,12416.281250
1516111380,12408.507812
1516111440,12543.130859
1516111500,12635.968750
1516111560,12662.654297
1516111620,12551.128906
1516111680,12581.251953
1516111740,12621.019531
1516111800,12513.380859
1516111860,12447.228516
1516111920,12556.958984
1516111980,12610.704102
1516112040,12572.582031
1516112100,12588.429688
1516112160,12619.972656
1516112220,12640.753906
1516112280,12663.328125
1516112340,12722.603516
1516112400,12737.478516
1516112460,12677.753906
1516112520,12655.105469
1516112580,12700.403320
1516112640,12655.404297
1516112700,12617.879883
1516112760,12686.722656
1516112820,12698.982422
1516112880,12659.140625
1516112940,12681.341797
1516113000,12662.878906
1516113060,12677.828125
1516113120,12696.515625
1516113180,12707.728516
1516113240,12789.802734
1516113300,12819.851562
1516113360,12811.779297
1516113420,12752.353516
1516113480,12774.927734
1516113540,12760.052734
1516113600,12760.277344
1516113660,12819.925781
1516113720,12769.770508
1516113780,12808.714844
1516113840,12798.921875
1516113900,12790.625000
1516113960,12708.251953
1516114020,12662.878906
1516114080,12718.267578
1516114140,12662.878906
1516114200,12629.242188
1516114260,12588.129883
1516114320,12628.942383
1516114380,12570.712891
1516114440,12625.279297
1516114500,12700.177734
1516114560,12664.373047
1516114620,12670.728516
1516114680,12685.900391
1516114740,12722.677734
1516114800,12730.078125
1516114860,12797.277344
1516114920,12819.851562
1516114980,12759.304688
1516115040,12775.152344
1516115100,12775.152344
1516115160,12767.527344
1516115220,12712.063477
1516115280,12699.430664
1516115340,12711.166016
1516115400,12714.456055
1516115460,12707.876953
1516115520,12708.775391
1516115580,12725.593750
1516115640,12745.251953
1516115700,12748.839844
1516115760,12760.875000
1516115820,12760.052734
1516115880,12767.901367
1516115940,12797.426758
1516116000,12781.355469
1516116060,12775.300781
1516116120,12741.365234
1516116180,12752.577148
1516116240,12775.001953
1516116300,12775.899414
1516116360,12775.076172
1516116420,12733.815430
1516116480,12756.240234
1516116540,12793.689453
1516116600,12805.574219
1516116660,12759.828125
1516116720,12781.206055
1516116780,12788.831055
1516116840,12768.275391
1516116900,12765.958008
1516116960,12787.783203
1516117020,12804.154297
1516117080,12833.156250
1516117140,12796.230469
1516117200,12813.423828
1516117260,12842.276367
1516117320,12927.339844
1516117380,12938.703125
1516117440,12961.875000
1516117500,12955.222656
1516117560,12948.869141
1516117620,12970.470703
1516117680,12943.859375
1516117740,12926.070312
1516117800,12967.107422
1516117860,13014.199219
1516117920,13006.873047
1516117980,13029.148438
1516118040,13024.140625
1516118100,13021.748047
1516118160,13020.476562
1516118220,13044.845703
1516118280,13051.722656
1516118340,13036.548828
1516118400,12977.421875
1516118460,12988.037109
1516118520,12958.136719
1516118580,12969.050781
1516118640,12961.875000
1516118700,12894.375000
1516118760,12857.300781
1516118820,12879.576172
1516118880,12924.425781
1516118940,12874.791016
1516119000,12931.302734
1516119060,12881.220703
1516119120,12864.179688
1516119180,12904.392578
1516119240,12909.773438
1516119300,12892.957031
1516119360,12908.503906
1516119420,12909.701172
1516119480,12898.337891
1516119540,12923.828125
1516119600,12964.117188
1516119660,12950.886719
1516119720,12943.562500
1516119780,12964.042969
1516119840,12934.367188
1516119900,12925.472656
1516119960,12925.472656
1516120020,12888.843750
1516120080,12864.851562
1516120140,12931.974609
1516120200,12903.046875
1516120260,12884.435547
1516120320,12886.826172
1516120380,12864.326172
1516120440,12864.701172
1516120500,12861.039062
1516120560,12863.281250
1516120620,12865.076172
1516120680,12879.501953
1516120740,12850.572266
1516120800,12849.751953
1516120860,12870.681641
1516120920,12884.435547
1516120980,12852.515625
1516121040,12870.232422
1516121100,12849.228516
1516121160,12867.691406
1516121220,12866.195312
1516121280,12816.263672
1516121340,12826.952148
1516121400,12737.626953
1516121460,12720.734375
1516121520,12752.577148
1516121580,12709.373047
1516121640,12743.607422
1516121700,12737.626953
1516121760,12744.205078
1516121820,12775.001953
1516121880,12805.649414
1516121940,12767.527344
1516122000,12831.212891
1516122060,12805.948242
1516122120,12781.654297
1516122180,12804.826172
1516122240,12775.001953
1516122300,12746.522461
1516122360,12736.132812
1516122420,12737.552734
1516122480,12737.552734
1516122540,12699.505859
1516122600,12663.252930
1516122660,12646.732422
1516122720,12651.068359
1516122780,12627.822266
1516122840,12629.615234
1516122900,12605.770508
1516122960,12551.727539
1516123020,12513.380859
1516123080,12497.982422
1516123140,12505.906250
1516123200,12453.506836
1516123260,12423.233398
1516123320,12461.056641
1516123380,12378.832031
1516123440,12357.827148
1516123500,12350.427734
1516123560,12438.631836
1516123620,12498.430664
1516123680,12385.037109
1516123740,12487.293945
1516123800,12461.130859
1516123860,12438.631836
1516123920,12513.455078
1516123980,12586.634766
1516124040,12588.129883
1516124100,12579.234375
1516124160,12521.603516
1516124220,12505.906250
1516124280,12497.833984
1516124340,12442.593750
1516124400,12494.693359
1516124460,12490.956055
1516124520,12474.361328
1516124580,12461.056641
1516124640,12460.533203
1516124700,12401.182617
1516124760,12363.882812
1516124820,12319.033203
1516124880,12289.133789
1516124940,12303.933594
1516125000,12252.955078
1516125060,12199.659180
1516125120,12289.208984
1516125180,12236.808594
1516125240,12254.226562
1516125300,12289.133789
1516125360,12203.994141
1516125420,12177.308594
1516125480,12166.919922
1516125540,12139.710938
1516125600,12138.888672
1516125660,12154.585938
1516125720,12082.079102
1516125780,12049.712891
1516125840,12035.808594
1516125900,11990.884766
1516125960,11915.388672
1516126020,11900.439453
1516126080,12009.647461
1516126140,12007.255859
1516126200,12134.552734
1516126260,12217.748047
1516126320,12176.861328
1516126380,12102.186523
1516126440,12098.298828
1516126500,12197.042969
1516126560,12196.893555
1516126620,12139.635742
1516126680,12102.261719
1516126740,12116.837891
1516126800,11967.712891
1516126860,12049.338867
1516126920,12057.412109
1516126980,12274.109375
1516127040,12259.458984
1516127100,12326.507812
1516127160,12243.835938
1516127220,12256.542969
1516127280,12243.760742
1516127340,12214.384766
1516127400,12262.224609
1516127460,12229.110352
1516127520,12229.035156
1516127580,12219.990234
1516127640,12229.035156
1516127700,12229.110352
1516127760,12173.871094
1516127820,12079.986328
1516127880,12150.100586
1516127940,12080.134766
1516128000,12103.158203
1516128060,12080.583984
1516128120,12057.337891
1516128180,12067.203125
1516128240,12070.867188
1516128300,12132.085938
1516128360,12123.490234
1516128420,12040.966797
1516128480,12102.410156
1516128540,12064.886719
1516128600,12102.111328
1516128660,12141.579102
1516128720,12148.605469
1516128780,12206.012695
1516128840,12190.540039
1516128900,12140.308594
1516128960,12213.936523
1516129020,12139.635742
1516129080,12213.936523
1516129140,12190.763672
1516129200,12221.859375
1516129260,12214.160156
1516129320,12259.607422
1516129380,12334.057617
1516129440,12438.407227
1516129500,12396.324219
1516129560,12348.633789
1516129620,12490.582031
1516129680,12483.480469
1516129740,12513.380859
1516129800,12461.056641
1516129860,12468.531250
1516129920,12518.464844
1516129980,12528.331055
1516130040,12458.365234
1516130100,12491.031250
1516130160,12484.078125
1516130220,12416.207031
1516130280,12446.255859
1516130340,12461.654297
1516130400,12386.607422
1516130460,12415.310547
1516130520,12415.160156
1516130580,12450.515625
1516130640,12442.966797
1516130700,12438.707031
1516130760,12459.860352
1516130820,12452.833984
1516130880,12512.931641
1516130940,12505.906250
1516131000,12489.012695
1516131060,12483.480469
1516131120,12507.101562
1516131180,12536.105469
1516131240,12573.179688
1516131300,12625.279297
1516131360,12618.328125
1516131420,12589.251953
1516131480,12560.398438
1516131540,12565.705078
1516131600,12580.654297
1516131660,12579.234375
1516131720,12574.076172
1516131780,12550.754883
1516131840,12542.607422
1516131900,12528.405273
1516131960,12549.259766
1516132020,12532.068359
1516132080,12492.824219
1516132140,12401.482422
1516132200,12326.507812
1516132260,12438.482422
1516132320,12409.703125
1516132380,12305.654297
1516132440,12393.708008
1516132500,12378.607422
1516132560,12378.832031
1516132620,12393.857422
1516132680,12373.226562
1516132740,12316.791016
1516132800,12291.451172
1516132860,12232.250000
1516132920,12326.732422
1516132980,12244.284180
1516133040,12266.708984
1516133100,12321.201172
1516133160,12293.468750
1516133220,12351.998047
1516133280,12419.944336
1516133340,12367.396484
1516133400,12407.759766
1516133460,12333.983398
1516133520,12385.784180
1516133580,12419.944336
1516133640,12395.650391
1516133700,12341.458984
1516133760,12326.732422
1516133820,12367.619141
1516133880,12357.604492
1516133940,12397.445312
1516134000,12358.576172
1516134060,12372.703125
1516134120,12343.775391
1516134180,12326.507812
1516134240,12342.877930
1516134300,12356.408203
1516134360,12304.756836
1516134420,12312.978516
1516134480,12295.189453
1516134540,12295.562500
1516134600,12248.843750
1516134660,12213.488281
1516134720,12213.711914
1516134780,12181.345703
1516134840,12278.593750
1516134900,12164.601562
1516134960,12139.635742
1516135020,12160.042969
1516135080,12113.324219
1516135140,12133.505859
1516135200,12108.316406
1516135260,12074.604492
1516135320,12064.960938
1516135380,12027.511719
1516135440,12007.255859
1516135500,11966.217773
1516135560,12019.290039
1516135620,12050.758789
1516135680,11967.712891
1516135740,11967.787109
1516135800,11929.964844
1516135860,11922.638672
1516135920,11982.513672
1516135980,11926.376953
1516136040,11952.763672
1516136100,11960.238281
1516136160,11912.398438
1516136220,11881.751953
1516136280,11952.613281
1516136340,11926.227539
1516136400,11863.960938
1516136460,11870.539062
1516136520,11841.386719
1516136580,11900.439453
1516136640,11900.439453
1516136700,12057.412109
1516136760,12149.353516
1516136820,12088.507812
1516136880,12077.593750
1516136940,12012.562500
1516137000,11990.137695
1516137060,12041.714844
1516137120,11996.715820
1516137180,11968.236328
1516137240,11884.068359
1516137300,11863.438477
1516137360,11877.939453
1516137420,11840.639648
1516137480,11803.265625
1516137540,11780.840820
1516137600,11765.965820
1516137660,11841.013672
1516137720,11780.916016
1516137780,11765.890625
1516137840,11676.191406
1516137900,11656.682617
1516137960,11617.587891
1516138020,11586.493164
1516138080,11549.043945
1516138140,11541.644531
1516138200,11466.894531
1516138260,11562.648438
1516138320,11549.119141
1516138380,11452.019531
1516138440,11429.445312
1516138500,11392.220703
1516138560,11392.146484
1516138620,11309.921875
1516138680,11302.447266
1516138740,11362.321289
1516138800,11414.720703
1516138860,11622.970703
1516138920,11608.095703
1516138980,11507.782227
1516139040,11459.121094
1516139100,11526.694336
1516139160,11541.494141
1516139220,11706.091797
1516139280,11765.890625
1516139340,11721.041992
1516139400,11672.454102
1516139460,11541.419922
1516139520,11452.468750
1516139580,11556.145508
1516139640,11429.818359
1516139700,11339.822266
1516139760,11247.057617
1516139820,11428.996094
1516139880,11407.021484
1516139940,11348.268555
1516140000,11407.769531
1516140060,11272.472656
1516140120,11253.785156
1516140180,11167.674805
1516140240,11093.449219
1516140300,11193.911133
1516140360,11205.347656
1516140420,11092.851562
1516140480,11063.175781
1516140540,11093.074219
1516140600,11152.949219
1516140660,11152.949219
1516140720,11153.098633
1516140780,11018.550781
1516140840,11070.575195
1516140900,11025.875977
1516140960,10981.847656
1516141020,10906.277344
1516141080,10849.841797
1516141140,10779.204102
1516141200,10801.628906
1516141260,10868.902344
1516141320,10712.080078
1516141380,10704.679688
1516141440,10741.605469
1516141500,10689.505859
1516141560,10644.656250
1516141620,10495.158203
1516141680,10599.582031
1516141740,10517.283203
1516141800,10539.409180
1516141860,10532.533203
1516141920,10532.533203
1516141980,10719.330078
1516142040,11063.100586
1516142100,11279.947266
1516142160,11175.074219
1516142220,11643.750977
1516142280,11695.477539
1516142340,11511.371094
1516142400,11541.644531
1516142460,11384.670898
1516142520,11526.694336
1516142580,11466.894531
1516142640,11384.446289
1516142700,11616.392578
1516142760,11836.902344
1516142820,12072.361328
1516142880,11840.939453
1516142940,11825.689453
1516143000,11780.916016
1516143060,11990.287109
1516143120,11840.639648
1516143180,11776.804688
1516143240,11744.960938
1516143300,11721.041992
1516143360,11750.941406
1516143420,11853.347656
1516143480,11892.291016
1516143540,11915.538086
1516143600,11933.702148
1516143660,11818.962891
1516143720,11900.513672
1516143780,11893.636719
1516143840,11839.743164
1516143900,11721.041992
1516143960,11549.268555
1516144020,11762.826172
1516144080,11728.515625
1516144140,11691.366211
1516144200,11765.890625
1516144260,11728.367188
1516144320,11737.486328
1516144380,11817.542969
1516144440,11750.941406
1516144500,11765.890625
1516144560,11817.542969
1516144620,11892.964844
1516144680,11883.919922
1516144740,11928.695312
1516144800,12064.812500
1516144860,12135.898438
1516144920,12155.033203
1516144980,12199.583984
1516145040,12251.759766
1516145100,12333.983398
1516145160,12470.773438
1516145220,12520.855469
1516200000,12505.211914
1516200060,12626.994141
1516200120,12775.251953
1516200180,12912.615234
1516200240,12851.519531
1516200300,12790.526367
1516200360,12759.978516
1516200420,12659.986328
1516200480,12770.058594
1516200540,12688.191406
1516200600,12609.480469
1516200660,12704.687500
1516200720,12627.402344
1516200780,12660.597656
1516200840,12667.927734
1516200900,12584.737305
1516200960,12617.626953
1516201020,12586.978516
1516201080,12535.962891
1516201140,12505.619141
1516201200,12657.134766
1516201260,12663.957031
1516201320,12549.097656
1516201380,12576.183594
1516201440,12554.495117
1516201500,12582.191406
1516201560,12674.445312
1516201620,12708.150391
1516201680,12800.607422
1516201740,12804.679688
1516201800,12739.205078
1516201860,12734.624023
1516201920,12830.847656
1516201980,12742.158203
1516202040,12775.048828
1516202100,12668.131836
1516202160,12698.475586
1516202220,12718.739258
1516202280,12668.540039
1516202340,12677.907227
1516202400,12674.648438
1516202460,12617.321289
1516202520,12586.468750
1516202580,12535.861328
1516202640,12484.949219
1516202700,12474.765625
1516202760,12453.484375
1516202820,12507.757812
1516202880,12484.949219
1516202940,12434.036133
1516203000,12493.093750
1516203060,12485.355469
1516203120,12449.513672
1516203180,12444.218750
1516203240,12463.769531
1516203300,12637.583984
1516203360,12599.705078
1516203420,12514.070312
1516203480,12581.173828
1516203540,12627.402344
1516203600,12699.698242
1516203660,12830.950195
1516203720,12647.869141
1516203780,12617.830078
1516203840,12617.015625
1516203900,12597.567383
1516203960,12723.423828
1516204020,12648.377930
1516204080,12689.108398
1516204140,12727.394531
1516204200,12770.263672
1516204260,12719.349609
1516204320,12698.578125
1516204380,12660.087891
1516204440,12608.666992
1516204500,12635.446289
1516204560,12608.666992
1516204620,12612.026367
1516204680,12536.878906
1516204740,12667.927734
1516204800,12658.255859
1516204860,12596.957031
1516204920,12627.503906
1516204980,12667.927734
1516205040,12689.108398
1516205100,12668.234375
1516205160,12752.240234
1516205220,12842.558594
1516205280,12933.285156
1516205340,12839.808594
1516205400,12860.377930
1516205460,12922.796875
1516205520,13034.804688
1516205580,12902.634766
1516205640,13012.402344
1516205700,12912.105469
1516205760,12943.263672
1516205820,12992.039062
1516205880,12943.162109
1516205940,12963.425781
1516206000,12964.035156
1516206060,13006.396484
1516206120,13096.408203
1516206180,13187.439453
1516206240,13268.494141
1516206300,13413.289062
1516206360,13401.375000
1516206420,13360.542969
1516206480,13392.314453
1516206540,13310.343750
1516206600,13208.212891
1516206660,13075.636719
1516206720,13152.412109
1516206780,13207.906250
1516206840,13238.455078
1516206900,13187.542969
1516206960,13107.916016
1516207020,13192.835938
1516207080,13177.156250
1516207140,13216.255859
1516207200,13268.085938
1516207260,13269.001953
1516207320,13350.259766
1516207380,13426.119141
1516207440,13462.470703
1516207500,13454.121094
1516207560,13350.259766
1516207620,13432.126953
1516207680,13401.476562
1516207740,13480.900391
1516207800,13430.292969
1516207860,13411.150391
1516207920,13452.796875
1516207980,13421.128906
1516208040,13503.505859
1516208100,13587.917969
1516208160,13686.791016
1516208220,13675.792969
1516208280,13778.638672
1516208340,13887.589844
1517575500,13870.237305
1517575560,13826.213867
1517575620,13804.858398
1517575680,13806.500000
1517575740,13880.970703
1517575800,14081.272461
1517575860,14325.380859
1517575920,14363.054688
1517575980,14626.108398
1517576040,14736.500000
1517576100,14680.646484
1517576160,14571.242188
1517576220,14605.958008
1517576280,14680.865234
1517576340,14779.319336
1517576400,14960.018555
1517576460,15067.234375
1517576520,14977.649414
1517576580,15031.312500
1517576640,14954.652344
1517576700,15020.361328
1517576760,15191.423828
1517576820,15272.135742
1517576880,15393.916016
1517576940,15465.429688
1517577000,15611.740234
1517860620,15592.235352
1517860680,15583.223633
1517860740,15707.260742
1517860800,15585.514648
1517860860,15595.290039
1517860920,15708.940430
1517860980,15843.211914
1517861040,16027.893555
1517861100,16149.944336
1517861160,16333.862305
1517861220,16440.943359
1517861280,16165.373047
1517861340,16048.666992
1517861400,16264.053711
1517861460,16137.113281
1517861520,16162.929688
1517861580,16072.193359
1517861640,15961.749023
1517861700,16012.617188
1517861760,15968.166016
1517861820,16088.995117
1517861880,16157.276367
1517861940,16099.230469
1517862000,16165.373047
1517862060,16234.723633
1517862120,16304.075195
1517862180,16480.660156
1517862240,16394.505859
1517862300,16531.984375
1517862360,16485.699219
1517862420,16583.003906
1517862480,16791.822266
1517862540,16913.566406
1517862600,17020.802734
1517862660,17203.648438
1517862720,17234.505859
1517862780,17373.513672
1517862840,17005.220703
1517862900,16931.134766
1517862960,17144.839844
1517863020,17312.105469
1517863080,17234.351562
1517863140,17265.208984
1517863200,16987.042969
1517863260,17179.363281
1517863320,17179.972656
1517863380,17051.199219
1517863440,17053.031250
1517863500,17159.044922
1517863560,17257.878906
1517863620,17341.128906
1517863680,17446.072266
1517893380,17424.277344
1517893440,17377.738281
1517893500,17377.554688
1517893560,17290.808594
1517893620,17252.275391
1517893680,17240.363281
1517893740,17246.132812
1517893800,17199.410156
1517893860,17189.730469
1517893920,17447.542969
1517893980,17766.972656
1517894040,18039.865234
1517894100,18231.597656
1517894160,18020.691406
1517894220,17981.042969
1517894280,18058.480469
1517894340,17901.000000
1517894400,17778.515625
1517894460,17902.117188
1517894520,17764.740234
1517894580,17811.277344
1517894640,17710.757812
1517894700,17860.046875
1517894760,17805.691406
1517894820,17709.269531
1517894880,17834.544922
1517894940,17724.160156
1517895000,17727.697266
1517895060,17800.666016
1517895120,17712.246094
1517895180,17841.433594
1517895240,17916.822266
1517895300,17898.953125
1517895360,18027.765625
1517895420,18121.027344
1517895480,18083.425781
1517895540,18306.800781
1517895600,18452.369141
1517895660,18414.767578
1517895720,18269.386719
1517895780,18139.269531
1517895840,18138.708984
1517895900,18097.386719
1517895960,18194.183594
1517896020,18119.537109
1517896080,18207.398438
1517896140,18179.105469
1517896200,18318.343750
1517896260,18335.652344
1517896320,18471.167969
1517896380,18399.687500
1517896440,18310.896484
1517896500,18361.902344
1517896560,18250.771484
1517896620,18250.957031
1517896680,18308.289062
1517896740,18195.113281
1517896800,18028.140625
1517896860,18041.541016
1517896920,17914.402344
1517896980,17920.917969
1517897040,17935.250000
1517897100,17781.121094
1517897160,17915.148438
1517897220,17822.816406
1517897280,17828.402344
1517897340,17801.226562
1517897400,17785.029297
1517897460,17827.843750
1517897520,17784.472656
1517897580,17801.226562
1517897640,17842.363281
1517897700,17906.583984
1517897760,17922.964844
1517897820,17855.578125
1517897880,17747.800781
1517897940,17747.613281
1517898000,17766.972656
1517898060,17635.740234
1517898120,17612.843750
1517898180,17524.238281
1517898240,17476.210938
1517898300,17562.025391
1517898360,17450.523438
1517898420,17468.394531
1517898480,17381.089844
1517898540,17431.535156
1517898600,17386.859375
1517898660,17469.511719
1517898720,17431.908203
1517898780,17492.593750
1517898840,17561.652344
1517898900,17694.003906
1517898960,17590.691406
1517899020,17632.947266
1517899080,17524.982422
1517899140,17487.751953
1517899200,17468.394531
1517899260,17454.058594
1517899320,17430.791016
1517899380,17445.125000
1517899440,17467.089844
1517899500,17508.042969
1517899560,17435.816406
1517899620,17451.265625
1517899680,17487.939453
1517899740,17413.292969
1517899800,17437.492188
1517899860,17418.503906
1517899920,17440.843750
1517899980,17450.523438
1517900040,17431.908203
1517900100,17452.755859
1517900160,17439.167969
1517900220,17506.367188
1517900280,17659.937500
1517900340,17636.669922
1517900400,17542.107422
1517900460,17605.955078
1517900520,17548.250000
1517900580,17583.246094
1517900640,17522.933594
1517900700,17545.644531
1517900760,17650.630859
1517900820,17673.714844
1517900880,17710.943359
1517900940,17819.652344
1517901000,17748.730469
1517901060,17841.619141
1517901120,17788.566406
1517901180,17738.865234
1517901240,17673.900391
1517901300,17623.826172
1517901360,17547.505859
1517901420,17536.523438
1517901480,17523.679688
1517901540,17550.855469
1517901600,17496.316406
1517901660,17546.574219
1517901720,17560.164062
1517901780,17552.718750
1517901840,17524.982422
1517901900,17481.609375
1517901960,17530.378906
1517902020,17533.730469
1517902080,17469.136719
1517902140,17469.136719
1517902200,17487.751953
1517902260,17413.105469
1517902320,17357.449219
1517902380,17255.066406
1517902440,17282.988281
1517902500,17343.488281
1517902560,17334.554688
1517902620,17264.375000
1517902680,17252.460938
1517902740,17313.519531
1517902800,17450.707031
1517902860,17414.410156
1517902920,17412.550781
1517902980,17413.851562
1517903040,17365.640625
1517903100,17408.080078
1517903160,17376.250000
1517903220,17341.068359
1517903280,17346.281250
1517903340,17351.306641
1517903400,17361.542969
1517903460,17267.912109
1517903520,17306.072266
1517903580,17264.562500
1517903640,17301.605469
1517903700,17264.562500
1517903760,17274.800781
1517903820,17192.150391
1517903880,17218.582031
1517903940,17337.718750
1517904000,17393.748047
1517904060,17346.652344
1517904120,17384.998047
1517904180,17524.609375
1517904240,17655.656250
1517904300,17590.876953
1517904360,17534.476562
1517904420,17466.345703
1517904480,17524.609375
1517904540,17449.593750
1517904600,17487.751953
1517904660,17462.062500
1517904720,17450.523438
1517904780,17411.058594
1517904840,17378.669922
1517904900,17460.574219
1517904960,17430.046875
1517905020,17467.277344
1517905080,17359.683594
1517905140,17418.691406
1517905200,17474.722656
1517905260,17506.925781
1517905320,17480.492188
1517905380,17543.597656
1517905440,17603.722656
1517905500,17541.363281
1517905560,17487.751953
1517905620,17433.955078
1517905680,17476.955078
1517905740,17504.320312
1517905800,17508.972656
1517905860,17531.869141
1517905920,17524.982422
1517905980,17511.019531
1517906040,17524.794922
1517906100,17529.449219
1517906160,17495.570312
1517906220,17488.867188
1517906280,17479.375000
1517906340,17457.968750
1517906400,17450.523438
1517906460,17413.292969
1517906520,17341.998047
1517906580,17376.062500
1517906640,17316.869141
1517906700,17390.769531
1517906760,17399.146484
1517906820,17321.523438
1517906880,17357.449219
1517906940,17407.894531
1517907000,17469.136719
1517907060,17489.800781
1517907120,17450.523438
1517907180,17496.873047
1517907240,17486.820312
1517907300,17506.367188
1517907360,17497.058594
1517907420,17465.972656
1517907480,17487.751953
1517907540,17469.136719
1517907600,17476.025391
1517907660,17522.562500
1517907720,17558.861328
1517907780,17577.660156
1517907840,17553.462891
1517907900,17599.253906
1517907960,17700.705078
1517908020,17714.851562
1517908080,17692.515625
1517908140,17737.933594
1517908200,17896.531250
1517908260,17990.537109
1517908320,17921.289062
1517908380,17952.376953
1517908440,17971.177734
1517908500,17971.921875
1517908560,17860.046875
1517908620,17879.593750
1517908680,17847.390625
1517908740,17828.031250
1517908800,17896.531250
1517908860,17896.904297
1517908920,17841.433594
1517908980,17982.347656
1517909040,18056.617188
1517909100,18072.441406
1517909160,18102.597656
1517909220,18269.945312
1517909280,18267.896484
1517909340,18218.009766
1517909400,18229.921875
1517909460,18339.564453
1517909520,18418.488281
1517909580,18552.330078
1517909640,18698.083984
1517909700,18930.023438
1569351660,18906.371094
1569351720,18954.507812
1569351780,19142.669922
1569351840,19281.968750
1569351900,19433.667969
1569351960,19397.929688
1569352020,19421.998047
1569352080,19350.523438
1569352140,19443.146484
1569352200,19505.140625
1569352260,19381.884766
1569352320,19279.050781
1569352380,19163.820312
1569352440,19351.253906
1569352500,19314.058594
1569352560,19346.878906
1569352620,19343.230469
1569352680,19447.523438
1569352740,19400.847656
1569352800,19535.042969
1569352860,19584.634766
1569352920,19629.123047
1569352980,19486.906250
1569353040,19557.650391
1569353100,19615.265625
1569353160,19491.283203
1569353220,19496.386719
1569353280,19508.056641
1569353340,19388.449219
1569353400,19306.039062
1569353460,19454.816406
1569353520,19376.050781
1569353580,19368.027344
1569353640,19381.884766
1569353700,19364.380859
1569353760,19372.402344
1569353820,19333.750000
1569353880,19312.599609
1569353940,19182.050781
1569354000,18950.130859
1569354060,18913.666016
1569354120,18745.921875
1569354180,18341.152344
1569354240,18092.457031
1569354300,18403.144531
1569354360,18581.828125
1569354420,18372.511719
1569354480,18433.775391
1569354540,18793.328125
1569354600,18990.972656
1569354660,18793.328125
1569354720,18632.878906
1569354780,18795.515625
1569354840,18890.328125
1569354900,18960.341797
1569354960,18945.755859
1569355020,19028.167969
1569355080,19049.316406
1569355140,19125.166016
1569355200,18955.234375
1569355260,19015.769531
1569355320,19160.173828
1569355380,19195.910156
1569355440,19187.886719
1569355500,19190.804688
1569355560,19188.617188
1569355620,19132.458984
1569355680,19097.453125
1569355740,19093.078125
1569355800,18920.226562
1569355860,19082.867188
1569355920,19009.207031
1569355980,19077.761719
1569356040,19047.128906
1569356100,18995.347656
1569356160,19009.207031
1569356220,18965.447266
1569356280,18916.582031
1569356340,18920.226562
1569356400,18778.011719
1569356460,18705.082031
1569356520,18823.960938
1569356580,18812.291016
1569356640,18825.417969
1569356700,18935.544922
1569356760,18972.011719
1569356820,19165.277344
1569356880,19087.242188
1569356940,19114.955078
1569357000,19191.535156
1569357060,19093.078125
1569357120,19050.775391
1569357180,19097.453125
1569357240,19099.640625
1569357300,19015.769531
1569357360,18970.550781
1569357420,18993.890625
1569357480,19069.738281
1569357540,19117.873047
1569357600,19087.972656
1569357660,19090.888672
1569357720,19071.925781
1569357780,19080.677734
1569357840,18973.468750
1569357900,19108.392578
1569357960,19094.535156
1569358020,19099.640625
1569358080,19194.453125
1569358140,19159.443359
1569358200,19182.050781
1569358260,19199.554688
1569358320,19229.458984
1569358380,19292.179688
1569358440,19168.197266
1569358500,19174.031250
1569358560,19185.699219
1569358620,19112.039062
1569358680,19139.753906
1569358740,19129.542969
1569358800,19003.371094
1569358860,18982.949219
1569358920,19053.691406
1569358980,19090.160156
1569359040,19031.812500
1569359100,19063.902344
1569359160,19048.589844
1569359220,19052.234375
1569359280,19058.068359
1569359340,19052.964844
1569359400,19044.210938
1569359460,19036.189453
1569359520,19015.039062
1569359580,18992.431641
1569359640,18976.386719
1569359700,18937.003906
1569359760,18921.687500
1569359820,18916.582031
1569359880,18962.527344
1569359940,18972.011719
1569360000,18981.492188
1569360060,18997.535156
1569360120,19014.310547
1569360180,19038.378906
1569360240,19052.234375
1569360300,19058.068359
1569360360,19080.677734
1569360420,19087.972656
1569360480,19074.113281
1569360540,19080.677734
1569360600,19082.867188
1569360660,19104.015625
1569360720,19140.482422
1569360780,19186.429688
1569360840,19209.039062
1569360900,19185.699219
1569360960,19203.933594
1569361020,19232.375000
1569361080,19240.398438
1569361140,19279.781250
1569361200,19318.433594
1569361260,19281.968750
1569361320,19307.496094
1569361380,19328.644531
1569361440,19354.171875
1569361500,19314.058594
1569361560,19408.140625
1569361620,19429.291016
1569361680,19415.433594
1569361740,19349.066406
1569361800,19259.359375
1569361860,19318.433594
1569361920,19273.947266
1569361980,19264.464844
1569362040,19343.230469
1569362100,19353.441406
1569362160,19334.480469
1569362220,19342.503906
1569362280,19323.539062
1569362340,19292.910156
1569362400,19314.789062
1569362460,19313.330078
1569362520,19298.742188
1569362580,19299.472656
1569362640,19307.496094
1569362700,19314.058594
1569362760,19341.773438
1569362820,19389.179688
1569362880,19384.802734
1569362940,19403.765625
1569363000,19370.214844
1569363060,19336.667969
1569363120,19331.562500
1569363180,19362.923828
1569363240,19318.433594
1569363300,19279.050781
1569363360,19268.113281
1569363420,19287.074219
1569363480,19287.074219
1569363540,19288.535156
1569363600,19331.562500
1569363660,19341.773438
1569363720,19328.644531
1569363780,19338.855469
1569363840,19323.539062
1569363900,19304.578125
1569363960,19292.910156
1569364020,19289.992188
1569364080,19300.203125
1569364140,19314.058594
1569364200,19347.605469
1569364260,19362.191406
1569364320,19349.066406
1569364380,19381.884766
1569364440,19386.261719
1569364500,19416.164062
1569364560,19422.726562
1569364620,19469.402344
1569364680,19455.546875
1569364740,19464.296875
1569364800,19488.367188
1569364860,19515.349609
1569364920,19445.335938
1569364980,19484.718750
1569365040,19467.945312
1569365100,19419.080078
1569365160,19388.449219
1569365220,19426.375000
1569365280,19433.667969
1569365340,19395.742188
1569365400,19400.117188
1569365460,19361.464844
1569365520,19428.560547
1569365580,19412.515625
1569365640,19421.998047
1569365700,19417.621094
1569365760,19402.304688
1569365820,19365.109375
1569365880,19376.050781
1569365940,19368.757812
1569366000,19379.697266
1569366060,19442.417969
1569366120,19447.523438
1569366180,19462.839844
1569366240,19475.236328
1569366300,19492.742188
1569366360,19519.726562
1569366420,19595.574219
1569366480,19557.650391
1569366540,19556.191406
1569366600,19533.582031
1569366660,19497.117188
1569366720,19473.777344
1569366780,19536.500000
1569366840,19476.697266
1569366900,19432.207031
1569366960,19463.566406
1569367020,19419.808594
1569367080,19452.628906
1569367140,19447.523438
1569367200,19473.777344
1569367260,19493.470703
1569367320,19451.898438
1569367380,19497.847656
1569367440,19489.824219
1569367500,19489.093750
1569367560,19518.996094
1569367620,19516.808594
1569367680,19505.869141
1569367740,19502.222656
1569367800,19465.757812
1569367860,19476.697266
1569367920,19439.501953
1569367980,19423.457031
1569368040,19405.222656
1569368100,19395.013672
1569368160,19435.855469
1569368220,19389.908203
1569368280,19379.697266
1569368340,19362.923828
1569368400,19358.546875
1569368460,19330.833984
1569368520,19302.390625
1569368580,19259.359375
1569368640,19241.855469
1569368700,19303.847656
1569368760,19315.515625
1569368820,19261.548828
1569368880,19279.781250
1569368940,19298.013672
1569369000,19339.585938
1569369060,19323.539062
1569369120,19287.804688
1569369180,19273.947266
1569369240,19269.570312
1569369300,19263.736328
1569369360,19111.308594
1569369420,19210.496094
1569369480,19239.667969
1569369540,19191.535156
1569369600,19247.691406
1569369660,19252.796875
1569369720,19268.113281
1569369780,19288.535156
1569369840,19322.810547
1569369900,19320.625000
1569369960,19267.382812
1569370020,19263.736328
1569370080,19291.449219
1569370140,19273.216797
1569370200,19249.878906
1569370260,19283.427734
1569370320,19241.855469
1569370380,19276.134766
1569370440,19283.427734
1569370500,19300.929688
1569370560,19306.039062
1569370620,19339.585938
1569370680,19358.546875
1569370740,19367.298828
1569370800,19341.042969
1569370860,19315.515625
1569370920,19343.960938
1569370980,19346.148438
1569371040,19366.570312
1569371100,19362.923828
1569371160,19369.486328
1569371220,19392.095703
1569371280,19393.554688
1569371340,19405.222656
1569371400,19383.343750
1569371460,19428.560547
1569371520,19411.787109
1569371580,19391.367188
1569371640,19439.501953
1569371700,19412.515625
1569371760,19379.697266
1569371820,19439.501953
1569371880,19442.417969
1569371940,19421.269531
1569372000,19427.101562
1569372060,19387.718750
1569372120,19395.742188
1569372180,19411.787109
1569372240,19403.765625
1569372300,19398.660156
1569372360,19395.742188
1569372420,19394.283203
1569372480,19403.765625
1569372540,19393.554688
1569372600,19419.080078
1569372660,19428.560547
1569372720,19427.101562
1569372780,19439.501953
1569372840,19443.878906
1569372900,19455.546875
1569372960,19469.402344
1569373020,19456.275391
1569373080,19446.064453
1569373140,19402.304688
1569373200,19448.980469
1569373260,19429.291016
1569373320,19443.878906
1569373380,19441.689453
1569373440,19470.861328
1569373500,19488.367188
1569373560,19513.890625
1569373620,19478.156250
1569373680,19489.093750
1569373740,19504.410156
1569373800,19481.072266
1569373860,19454.816406
1569373920,19485.449219
1569373980,19463.566406
1569374040,19457.734375
1569374100,19454.816406
1569374160,19462.839844
1569374220,19470.861328
1569374280,19521.183594
1569374340,19505.140625
1569374400,19473.050781
1569374460,19462.109375
1569374520,19484.718750
1569374580,19467.214844
1569374640,19484.718750
1569374700,19454.816406
1569374760,19494.929688
1569374820,19483.261719
1569374880,19473.777344
1569374940,19476.697266
1569375000,19490.554688
1569375060,19521.914062
1569375120,19515.349609
1569375180,19545.251953
1569375240,19539.417969
1569375300,19526.289062
1569375360,19567.859375
1569375420,19562.753906
1569375480,19626.207031
1569375540,19636.417969
1569375600,19597.761719
1569375660,19628.394531
1569375720,19647.355469
1569375780,19665.589844
1569375840,19676.527344
1569375900,19672.882812
1569375960,19669.234375
1569376020,19633.500000
1569376080,19656.837891
1569376140,19656.105469
1569376200,19650.273438
1569376260,19654.648438
1569376320,19654.648438
1569376380,19646.626953
1569376440,19645.167969
1569376500,19648.816406
1569376560,19653.919922
1569376620,19676.527344
1569376680,19698.406250
1569376740,19718.828125
1569376800,19718.828125
1569376860,19675.070312
1569376920,19719.558594
1569376980,19704.972656
1569377040,19736.332031
1569377100,19773.527344
1569377160,19768.421875
1569377220,19755.294922
1569377280,19758.941406
1569377340,19739.978516
1569377400,19765.503906
1569377460,19780.820312
1569377520,19807.804688
1569377580,19838.435547
1569377640,19839.166016
1569377700,19811.453125
1569377760,19784.468750
1569377820,19772.798828
1569377880,19718.828125
1569377940,19729.769531
1569378000,19694.761719
1569378060,19737.792969
1569378120,19719.558594
1569378180,19727.582031
1569378240,19698.406250
1569378300,19691.843750
1569378360,19666.318359
1569378420,19651.730469
1569378480,19648.085938
1569378540,19634.957031
1569378600,19599.220703
1569378660,19614.537109
1569378720,19651.730469
1569378780,19646.626953
1569378840,19698.406250
1569378900,19650.273438
1569378960,19637.144531
1569379020,19648.816406
1569379080,19632.769531
1569379140,19629.851562
1569379200,19587.552734
1569379260,19557.650391
1569379320,19551.085938
1569379380,19551.816406
1569379440,19548.898438
1569379500,19554.732422
1569379560,19593.386719
1569379620,19567.859375
1569379680,19556.191406
1569379740,19575.156250
1569379800,19551.085938
1569379860,19556.921875
1569379920,19535.769531
1569379980,19524.101562
1569380040,19513.162109
1569380100,19544.521484
1569380160,19563.484375
1569380220,19567.859375
1569380280,19569.320312
1569380340,19572.964844
1569380400,19601.410156
1569380460,19627.664062
1569380520,19621.101562
1569380580,19624.019531
1569380640,19644.437500
1569380700,19651.003906
1569380760,19620.371094
1569380820,19633.500000
1569380880,19629.123047
1569380940,19611.621094
1569381000,19587.552734
1569381060,19590.468750
1569381120,19583.906250
1569381180,19578.070312
1569381240,19582.447266
1569381300,19580.988281
1569381360,19567.859375
1569381420,19567.132812
1569381480,19559.109375
1569381540,19542.333984
1569381600,19556.191406
1569381660,19545.980469
1569381720,19554.003906
1569381780,19602.867188
1569381840,19601.410156
1569381900,19606.515625
1569381960,19614.537109
1569382020,19631.312500
1569382080,19611.621094
1569382140,19593.386719
1569382200,19591.927734
1569382260,19621.832031
1569382320,19613.808594
1569382380,19630.582031
1569382440,19631.312500
1569382500,19633.500000
1569382560,19620.371094
1569382620,19607.244141
1569382680,19606.515625
1569382740,19589.742188
1569382800,19597.761719
1569382860,19602.867188
1569382920,19610.162109
1569382980,19604.328125
1569383040,19620.371094
1569383100,19631.312500
1569383160,19598.492188
1569383220,19600.679688
1569383280,19594.117188
1569383340,19578.070312
1569383400,19590.468750
1569383460,19548.898438
1569383520,19537.230469
1569383580,19520.457031
1569383640,19513.890625
1569383700,19482.531250
1569383760,19486.906250
1569383820,19487.636719
1569383880,19513.890625
1569383940,19516.078125
1569384000,19527.748047
1569384060,19548.898438
1569384120,19556.921875
1569384180,19555.462891
1569384240,19514.621094
1569384300,19516.808594
1569384360,19494.201172
1569384420,19475.236328
1569384480,19484.718750
1569384540,19461.378906
1569384600,19449.710938
1569384660,19462.839844
1569384720,19474.507812
1569384780,19485.449219
1569384840,19446.792969
1569384900,19445.335938
1569384960,19449.710938
1569385020,19423.457031
1569385080,19417.621094
1569385140,19447.523438
1569385200,19448.253906
1569385260,19430.750000
1569385320,19420.539062
1569385380,19390.636719
1569385440,19367.298828
1569385500,19292.179688
1569385560,19349.796875
1569385620,19341.042969
1569385680,19314.789062
1569385740,19321.351562
1569385800,19268.113281
1569385860,19312.599609
1569385920,19338.855469
1569385980,19325.000000
1569386040,19325.726562
1569386100,19339.585938
1569386160,19371.675781
1569386220,19354.171875
1569386280,19343.960938
1569386340,19373.863281
1569386400,19346.148438
1569386460,19354.171875
1569386520,19358.546875
1569386580,19386.992188
1569386640,19408.140625
1569386700,19421.998047
1569386760,19430.019531
1569386820,19423.457031
1569386880,19436.583984
1569386940,19438.771484
1569387000,19456.275391
1569387060,19467.945312
1569387120,19467.945312
1569387180,19432.937500
1569387240,19413.246094
1569387300,19392.095703
1569387360,19380.425781
1569387420,19381.884766
1569387480,19402.304688
1569387540,19397.201172
1569387600,19387.718750
1569387660,19402.304688
1569387720,19411.058594
1569387780,19376.781250
1569387840,19357.816406
1569387900,19352.712891
1569387960,19332.292969
1569388020,19356.359375
1569388080,19346.878906
1569388140,19332.292969
1569388200,19316.246094
1569388260,19311.140625
1569388320,19333.750000
1569388380,19343.230469
1569388440,19346.878906
1569388500,19333.019531
1569388560,19341.773438
1569388620,19315.515625
1569388680,19355.628906
1569388740,19377.509766
1569388800,19351.982422
1569388860,19380.425781
1569388920,19375.322266
1569388980,19398.660156
1569389040,19389.179688
1569389100,19372.402344
1569389160,19361.464844
1569389220,19381.884766
1569389280,19350.523438
1569389340,19341.042969
1569389400,19356.359375
1569389460,19374.593750
1569389520,19375.322266
1569389580,19366.570312
1569389640,19392.826172
1569389700,19386.992188
1569389760,19416.890625
1569389820,19408.140625
1569389880,19427.832031
1569389940,19397.201172
1569390000,19422.726562
1569390060,19395.742188
1569390120,19405.222656
1569390180,19394.283203
1569390240,19384.074219
1569390300,19420.539062
1569390360,19421.998047
1569390420,19408.140625
1569390480,19406.681641
1569390540,19443.878906
1569390600,19463.566406
1569390660,19441.689453
1569390720,19413.246094
1569390780,19397.201172
1569390840,19395.742188
1569390900,19386.992188
1569390960,19417.621094
1569391020,19443.146484
1569391080,19446.064453
1569391140,19396.470703
1569391200,19434.394531
1569391260,19422.726562
1569391320,19426.375000
1569391380,19447.523438
1569391440,19397.929688
1569391500,19381.884766
1569391560,19408.140625
1569391620,19413.246094
1569391680,19398.660156
1569391740,19413.246094
1569391800,19413.246094
1569391860,19414.703125
1569391920,19432.207031
1569391980,19418.351562
1569392040,19438.042969
1569392100,19444.605469
1569392160,19443.146484
1569392220,19452.628906
1569392280,19468.675781
1569392340,19446.064453
1569392400,19453.357422
1569392460,19473.777344
1569392520,19457.734375
1569392580,19458.464844
1569392640,19456.275391
1569392700,19439.501953
1569392760,19464.296875
1569392820,19468.675781
1569392880,19471.589844
1569392940,19465.757812
1569393000,19462.839844
1569393060,19448.253906
1569393120,19444.605469
1569393180,19413.974609
1569393240,19413.974609
1569393300,19420.539062
1569393360,19413.974609
1569393420,19421.269531
1569393480,19433.667969
1569393540,19444.605469
1569393600,19431.478516
1569393660,19435.125000
1569393720,19430.019531
1569393780,19421.269531
1569393840,19420.539062
1569393900,19392.095703
1569393960,19392.095703
1569394020,19388.449219
1569394080,19363.652344
1569394140,19373.132812
1569394200,19378.968750
1569394260,19373.132812
1569394320,19362.923828
1569394380,19368.027344
1569394440,19354.900391
1569394500,19349.796875
1569394560,19360.734375
1569394620,19337.396484
1569394680,19340.314453
1569394740,19329.375000
1569394800,19360.734375
1569394860,19358.546875
1569394920,19362.923828
1569394980,19344.689453
1569395040,19337.396484
1569395100,19337.396484
1569395160,19325.000000
1569395220,19317.707031
1569395280,19295.095703
1569395340,19314.789062
1569395400,19327.185547
1569395460,19312.599609
1569395520,19349.796875
1569395580,19352.712891
1569395640,19351.253906
1569395700,19370.214844
1569395760,19351.982422
1569395820,19359.277344
1569395880,19374.593750
1569395940,19346.148438
1569396000,19342.503906
1569396060,19326.457031
1569396120,19338.126953
1569396180,19296.554688
1569396240,19287.074219
1569396300,19220.707031
1569396360,19211.226562
1569396420,19235.292969
1569396480,19211.955078
1569396540,19180.593750
1569396600,19218.519531
1569396660,19204.662109
1569396720,19195.179688
1569396780,19175.490234
1569396840,19142.669922
1569396900,19167.464844
1569396960,19168.197266
1569397020,19125.896484
1569397080,19104.746094
1569397140,19078.490234
1569397200,19120.789062
1569397260,19076.300781
1569397320,19052.964844
1569397380,19045.671875
1569397440,19095.265625
1569397500,19081.408203
1569397560,19042.023438
1569397620,19082.867188
1569397680,19085.054688
1569397740,19099.640625
1569397800,19131.000000
1569397860,19164.550781
1569397920,19169.656250
1569397980,19117.873047
1569398040,19069.009766
1569398100,19114.226562
1569398160,19136.835938
1569398220,19074.843750
1569398280,19078.490234
1569398340,19071.197266
1569398400,19087.242188
1569398460,19044.941406
1569398520,19004.828125
1569398580,18939.921875
1569398640,18991.703125
1569398700,18997.535156
1569398760,19035.460938
1569398820,19100.369141
1569398880,19109.121094
1569398940,19171.841797
1569399000,19128.812500
1569399060,19117.873047
1569399120,19139.753906
1569399180,19104.015625
1569399240,19164.550781
1569399300,19156.527344
1569399360,19122.250000
1569399420,19107.664062
1569399480,19110.580078
1569399540,19097.453125
1569399600,19077.031250
1569399660,19060.986328
1569399720,19053.691406
1569399780,19066.822266
1569399840,19093.804688
1569399900,19045.671875
1569399960,19031.812500
1569400020,19049.316406
1569400080,19009.935547
1569400140,19066.822266
1569400200,19034.730469
1569400260,19000.453125
1569400320,18998.265625
1569400380,18961.800781
1569400440,18966.175781
1569400500,18941.378906
1569400560,18995.347656
1569400620,19048.589844
1569400680,19052.964844
1569400740,19034.730469
1569400800,19009.207031
1569400860,19034.001953
1569400920,19025.978516
1569400980,18994.619141
1569401040,19031.812500
1569401100,19025.250000
1569401160,19006.289062
1569401220,19018.687500
1569401280,19014.310547
1569401340,18990.242188
1569401400,18998.265625
1569401460,19001.183594
1569401520,18999.722656
1569401580,19017.226562
1569401640,19068.277344
1569401700,19057.339844
1569401760,19047.128906
1569401820,19081.408203
1569401880,19061.714844
1569401940,19037.648438
1569402000,19077.031250
1569402060,19138.292969
1569402120,19148.503906
1569402180,19198.097656
1569402240,19189.345703
1569402300,19217.789062
1569402360,19249.878906
1569402420,19268.839844
1569402480,19276.134766
1569402540,19260.089844
1569402600,19238.210938
1569402660,19224.351562
1569402720,19249.878906
1569402780,19276.134766
1569402840,19322.810547
1569402900,19312.599609
1569402960,19349.066406
1569403020,19392.826172
1569403080,19379.697266
1569403140,19397.201172
1569403200,19349.796875
1569403260,19318.433594
1569403320,19292.179688
1569403380,19270.300781
1569403440,19254.253906
1569403500,19295.095703
1569403560,19284.156250
1569403620,19291.449219
1569403680,19254.253906
1569403740,19263.005859
1569403800,19304.578125
1569403860,19291.449219
1569403920,19298.742188
1569403980,19309.681641
1569404040,19303.121094
1569404100,19293.638672
1569404160,19319.894531
1569404220,19328.644531
1569404280,19346.878906
1569404340,19331.562500
1569404400,19360.734375
1569404460,19322.082031
1569404520,19302.390625
1569404580,19291.449219
1569404640,19280.509766
1569404700,19270.300781
1569404760,19269.570312
1569404820,19257.902344
1569404880,19271.757812
1569404940,19270.300781
1569405000,19302.390625
1569405060,19309.681641
1569405120,19309.681641
1569405180,19306.039062
1569405240,19296.554688
1569405300,19338.855469
1569405360,19354.171875
1569405420,19343.960938
1569405480,19367.298828
1569405540,19361.464844
1569405600,19405.222656
1569405660,19386.261719
1569405720,19396.470703
1569405780,19432.937500
1569405840,19423.457031
1569405900,19416.164062
1569405960,19402.304688
1569406020,19383.343750
1569406080,19373.132812
1569406140,19405.222656
1569406200,19387.718750
1569406260,19375.322266
1569406320,19400.117188
1569406380,19384.074219
1569406440,19396.470703
1569406500,19399.388672
1569406560,19415.433594
1569406620,19405.222656
1569406680,19379.697266
1569406740,19382.613281
1569406800,19365.839844
1569406860,19348.337891
1569406920,19341.042969
1569406980,19344.689453
1569407040,19346.148438
1569407100,19362.191406
1569407160,19343.230469
1569407220,19329.375000
1569407280,19329.375000
1569407340,19317.707031
1569407400,19327.185547
1569407460,19348.337891
1569407520,19362.923828
1569407580,19365.839844
1569407640,19336.667969
1569407700,19384.074219
1569407760,19352.712891
1569407820,19327.916016
1569407880,19312.599609
1569407940,19310.414062
1569408000,19284.886719
1569408060,19301.660156
1569408120,19282.699219
1569408180,19279.781250
1569408240,19269.570312
1569408300,19287.074219
1569408360,19307.496094
1569408420,19306.765625
1569408480,19315.515625
1569408540,19304.578125
1569408600,19325.726562
1569408660,19360.005859
1569408720,19373.132812
1569408780,19349.796875
1569408840,19333.750000
1569408900,19354.171875
1569408960,19347.605469
1569409020,19382.613281
1569409080,19376.781250
1569409140,19386.992188
1569409200,19420.539062
1569409260,19428.560547
1569409320,19408.140625
1569409380,19390.636719
1569409440,19380.425781
1569409500,19359.277344
1569409560,19381.156250
1569409620,19372.402344
1569409680,19369.486328
1569409740,19388.449219
1569409800,19399.388672
1569409860,19368.757812
1569409920,19362.191406
1569409980,19374.593750
1569410040,19376.050781
1569410100,19381.156250
1569410160,19365.109375
1569410220,19333.019531
1569410280,19338.126953
1569410340,19323.539062
1569410400,19360.005859
1569410460,19343.230469
1569410520,19332.292969
1569410580,19327.916016
1569410640,19337.396484
1569410700,19303.121094
1569410760,19291.449219
1569410820,19294.367188
1569410880,19272.488281
1569410940,19299.472656
1569411000,19289.992188
1569411060,19281.968750
1569411120,19286.343750
1569411180,19264.464844
1569411240,19255.714844
1569411300,19209.039062
1569411360,19224.351562
1569411420,19215.601562
1569411480,19237.480469
1569411540,19256.441406
1569411600,19254.253906
1569411660,19292.910156
1569411720,19311.871094
1569411780,19284.156250
1569411840,19279.781250
1569411900,19303.121094
1569411960,19261.548828
1569412020,19262.277344
1569412080,19243.316406
1569412140,19233.833984
1569412200,19203.933594
1569412260,19226.541016
1569412320,19241.855469
1569412380,19234.562500
1569412440,19257.171875
1569412500,19263.005859
1569412560,19254.253906
1569412620,19236.023438
1569412680,19262.277344
1569412740,19241.128906
1569412800,19213.414062
1569412860,19215.601562
1569412920,19240.398438
1569412980,19247.691406
1569413040,19219.248047
1569413100,19213.414062
1569413160,19195.910156
1569413220,19190.804688
1569413280,19206.121094
1569413340,19224.351562
1569413400,19238.210938
1569413460,19229.458984
1569413520,19208.308594
1569413580,19219.976562
1569413640,19212.683594
1569413700,19173.300781
1569413760,19156.527344
1569413820,19184.242188
1569413880,19198.828125
1569413940,19203.203125
1569414000,19242.585938
1569414060,19235.292969
1569414120,19206.849609
1569414180,19196.640625
1569414240,19211.226562
1569414300,19182.050781
1569414360,19201.744141
1569414420,19228.730469
1569414480,19225.082031
1569414540,19226.541016
1569414600,19235.292969
1569414660,19278.324219
1569414720,19275.406250
1569414780,19279.781250
1569414840,19280.509766
1569414900,19289.992188
1569414960,19300.203125
1569415020,19257.171875
1569415080,19271.031250
1569415140,19266.652344
1569415200,19270.300781
1569415260,19249.148438
1569415320,19229.458984
1569415380,19243.316406
1569415440,19225.082031
1569415500,19206.849609
1569415560,19219.248047
1569415620,19199.554688
1569415680,19192.992188
1569415740,19160.902344
1569415800,19120.062500
1569415860,19115.685547
1569415920,19159.443359
1569415980,19159.443359
1569416040,19163.820312
1569416100,19198.097656
1569416160,19181.324219
1569416220,19199.554688
1569416280,19171.113281
1569416340,19162.361328
1569416400,19149.962891
1569416460,19139.753906
1569416520,19158.714844
1569416580,19157.986328
1569416640,19183.511719
1569416700,19205.390625
1569416760,19212.683594
1569416820,19229.458984
1569416880,19249.148438
1569416940,19263.005859
1569417000,19269.570312
1569417060,19256.441406
1569417120,19279.050781
1569417180,19298.742188
1569417240,19299.472656
1569417300,19267.382812
1569417360,19241.128906
1569417420,19256.441406
1569417480,19209.039062
1569417540,19224.351562
1569417600,19244.044922
1569417660,19236.750000
1569417720,19230.917969
1569417780,19225.082031
1569417840,19232.375000
1569417900,19275.406250
1569417960,19277.593750
1569418020,19299.472656
1569418080,19326.457031
1569418140,19322.810547
1569418200,19292.910156
1569418260,19273.216797
1569418320,19265.923828
1569418380,19292.179688
1569418440,19296.554688
1569418500,19275.406250
1569418560,19280.509766
1569418620,19311.140625
1569418680,19306.765625
1569418740,19325.000000
1569418800,19319.894531
1569418860,19300.203125
1569418920,19296.554688
1569418980,19302.390625
1569419040,19330.833984
1569419100,19327.916016
1569419160,19324.269531
1569419220,19325.726562
1569419280,19311.871094
1569419340,19298.013672
1569419400,19308.224609
1569419460,19305.306641
1569419520,19306.039062
1569419580,19304.578125
1569419640,19279.781250
1569419700,19295.095703
1569419760,19331.562500
1569419820,19331.562500
1569419880,19318.433594
1569419940,19329.375000
1569420000,19346.878906
1569420060,19352.712891
1569420120,19349.066406
1569420180,19393.554688
1569420240,19401.578125
1569420300,19376.050781
1569420360,19394.283203
1569420420,19372.402344
1569420480,19360.734375
1569420540,19349.066406
1569420600,19346.878906
1569420660,19367.298828
1569420720,19381.156250
1569420780,19362.191406
1569420840,19366.570312
1569420900,19370.214844
1569420960,19372.402344
1569421020,19346.878906
1569421080,19357.089844
1569421140,19368.757812
1569421200,19376.050781
1569421260,19352.712891
1569421320,19366.570312
1569421380,19349.066406
1569421440,19341.773438
1569421500,19357.089844
1569421560,19354.171875
1569421620,19341.773438
1569421680,19365.839844
1569421740,19360.005859
1569421800,19354.900391
1569421860,19339.585938
1569421920,19355.628906
1569421980,19339.585938
1569422040,19338.855469
1569422100,19355.628906
1569422160,19367.298828
1569422220,19370.214844
1569422280,19375.322266
1569422340,19381.156250
1569422400,19387.718750
1569422460,19367.298828
1569422520,19367.298828
1569422580,19365.109375
1569422640,19357.089844
1569422700,19363.652344
1569422760,19352.712891
1569422820,19332.292969
1569422880,19319.894531
1569422940,19275.406250
1569423000,19263.736328
1569423060,19265.195312
1569423120,19305.306641
1569423180,19319.894531
1569423240,19280.509766
1569423300,19284.156250
1569423360,19283.427734
1569423420,19279.050781
1569423480,19273.947266
1569423540,19281.968750
1569423600,19298.742188
1569423660,19319.894531
1569423720,19314.789062
1569423780,19303.121094
1569423840,19298.013672
1569423900,19295.828125
1569423960,19311.140625
1569424020,19292.179688
1569424080,19301.660156
1569424140,19301.660156
1569424200,19327.185547
1569424260,19330.833984
1569424320,19360.005859
1569424380,19362.191406
1569424440,19358.546875
1569424500,19374.593750
1569424560,19369.486328
1569424620,19407.412109
1569424680,19428.560547
1569424740,19432.937500
1569424800,19431.478516
1569424860,19420.539062
1569424920,19397.929688
1569424980,19387.718750
1569425040,19382.613281
1569425100,19386.261719
1569425160,19380.425781
1569425220,19364.380859
1569425280,19368.027344
1569425340,19350.523438
1569425400,19365.109375
1569425460,19357.816406
1569425520,19352.712891
1569425580,19353.441406
1569425640,19346.878906
1569425700,19322.810547
1569425760,19328.644531
1569425820,19325.726562
1569425880,19327.185547
1569425940,19343.960938
1569426000,19329.375000
1569426060,19329.375000
1569426120,19314.058594
1569426180,19326.457031
1569426240,19320.625000
1569426300,19314.058594
1569426360,19284.156250
1569426420,19267.382812
1569426480,19239.667969
1569426540,19265.195312
1569426600,19246.962891
1569426660,19250.609375
1569426720,19283.427734
1569426780,19303.121094
1569426840,19276.863281
1569426900,19260.089844
1569426960,19268.113281
1569427020,19238.941406
1569427080,19206.849609
1569427140,19168.925781
1569427200,19314.789062
1569427260,19274.675781
1569427320,19264.464844
1569427380,19244.773438
1569427440,19270.300781
1569427500,19222.164062
1569427560,19164.550781
1569427620,19172.574219
1569427680,19177.675781
1569427740,19179.136719
1569427800,19241.855469
1569427860,19201.015625
1569427920,19233.833984
1569427980,19198.828125
1569428040,19204.662109
1569428100,19242.585938
1569428160,19230.917969
1569428220,19278.324219
1569428280,19282.699219
1569428340,19295.095703
1569428400,19289.992188
1569428460,19290.720703
1569428520,19274.675781
1569428580,19277.593750
1569428640,19260.089844
1569428700,19274.675781
1569428760,19286.343750
1569428820,19298.742188
1569428880,19312.599609
1569428940,19349.066406
1569429000,19391.367188
1569429060,19428.560547
1569429120,19414.703125
1569429180,19382.613281
1569429240,19373.132812
1569429300,19413.974609
1569429360,19346.148438
1569429420,19344.689453
1569429480,19346.878906
1569429540,19334.480469
1569429600,19335.937500
1569429660,19320.625000
1569429720,19315.515625
1569429780,19326.457031
1569429840,19334.480469
1569429900,19380.425781
1569429960,19364.380859
1569430020,19371.675781
1569430080,19380.425781
1569430140,19419.080078
1569430200,19435.855469
1569430260,19393.554688
1569430320,19406.681641
1569430380,19371.675781
1569430440,19360.005859
1569430500,19368.757812
1569430560,19399.388672
1569430620,19403.765625
1569430680,19420.539062
1569430740,19431.478516
1569430800,19460.650391
1584009660,19436.335938
1584009720,19215.367188
1584009780,19142.253906
1584009840,19009.025391
1584009900,18543.529297
1584009960,18411.923828
1584010020,17758.771484
1584010080,18326.625000
1584010140,18918.851562
1584010200,18441.167969
1584010260,18752.312500
1584010320,18494.789062
1584010380,18671.074219
1584010440,19126.007812
1584010500,19247.865234
1584010560,19156.066406
1584010620,18515.095703
1584010680,17940.742188
1584010740,18095.095703
1584010800,17688.906250
1584010860,17342.019531
1584010920,17959.429688
1584010980,18143.837891
1584011040,18680.822266
1584011100,18789.683594
1584011160,18693.007812
1584011220,18511.847656
1584011280,18844.111328
1584011340,18881.480469
1584011400,18826.238281
1584011460,18724.691406
1584011520,18355.058594
1584011580,18672.699219
1584011640,18693.820312
1584011700,18698.695312
1584011760,18628.828125
1584011820,18693.820312
1584011880,18774.246094
1584011940,18738.501953
1584012000,18894.478516
1584012060,18569.527344
1584012120,18726.316406
1584012180,18717.378906
1584012240,18763.687500
1584012300,18760.437500
1584012360,18687.322266
1584012420,18539.468750
1584012480,18528.906250
1584012540,18665.386719
1584012600,18576.835938
1584012660,18637.765625
1584012720,18529.718750
1584012780,18524.033203
1584012840,18467.980469
1584012900,18550.027344
1584012960,18362.367188
1584013020,18121.906250
1584013080,18333.937500
1584013140,18342.871094
1584013200,18200.707031
1584013260,18129.214844
1584013320,18016.294922
1584013380,18102.406250
1584013440,17769.330078
1584013500,18275.445312
1584013560,18205.580078
1584013620,18056.914062
1584013680,17959.429688
1584013740,17973.238281
1584013800,18108.093750
1584013860,18156.835938
1584013920,18363.994141
1584013980,18208.017578
1584014040,18235.636719
1584014100,18069.912109
1584014160,18212.890625
1584014220,18290.878906
1584014280,18268.132812
1584014340,18394.050781
1584014400,18430.609375
1584014460,18554.089844
1584014520,18667.824219
1584014580,18506.160156
1584014640,18364.804688
1584014700,18325.000000
1584014760,18269.757812
1584014820,18303.066406
1584014880,18390.802734
1584014940,18354.246094
1584015000,18477.726562
1584015060,18455.792969
1584015120,18514.285156
1584015180,18547.589844
1584015240,18683.257812
1584015300,18707.628906
1584015360,18739.312500
1584015420,18627.207031
1584015480,18710.880859
1584015540,18800.242188
1584015600,18745.000000
1584015660,18700.320312
1584015720,18767.746094
1584015780,18807.552734
1584015840,18693.007812
1584015900,18702.755859
1584015960,18591.460938
1584016020,18649.953125
1584016080,18634.517578
1584016140,18636.953125
1584016200,18605.271484
1584016260,18556.527344
1584016320,18567.902344
1584016380,18619.894531
1584016440,18668.636719
1584016500,18701.132812
1584016560,18727.128906
1584016620,18620.707031
1584016680,18641.015625
1584016740,18575.212891
1584016800,18637.765625
1584016860,18593.085938
1584016920,18568.714844
1584016980,18519.160156
1584017040,18514.285156
1584017100,18524.845703
1584017160,18542.716797
1584017220,18479.351562
1584017280,18521.595703
1584017340,18341.246094
1584017400,18426.546875
1584017460,18395.675781
1584017520,18294.128906
1584017580,18358.308594
1584017640,18356.683594
1584017700,18373.742188
1584017760,18454.980469
1584017820,18424.921875
1584017880,18336.373047
1584017940,18426.546875
1584018000,18487.476562
1584018060,18608.521484
1584018120,18541.906250
1584018180,18589.835938
1584018240,18545.968750
1584018300,18517.533203
1584018360,18445.232422
1584018420,18449.292969
1584018480,18352.621094
1584018540,18356.683594
1584018600,18341.246094
1584018660,18354.246094
1584018720,18363.183594
1584018780,18361.558594
1584018840,18346.933594
1584018900,18322.562500
1584018960,18375.367188
1584019020,18372.929688
1584019080,18368.867188
1584019140,18327.437500
1584019200,18337.187500
1584019260,18351.808594
1584019320,18315.250000
1584019380,18181.207031
1584019440,18200.707031
1584019500,18206.392578
1584019560,18226.703125
1584019620,18231.576172
1584019680,18214.515625
1584019740,18181.207031
1584019800,18095.095703
1584019860,17991.111328
1584019920,18055.289062
1584019980,17991.111328
1584020040,17931.808594
1584020100,17765.269531
1584020160,17775.019531
1584020220,17820.511719
1584020280,17926.933594
1584020340,17942.367188
1584020400,17780.703125
1584020460,17833.507812
1584020520,17801.011719
1584020580,17727.900391
1584020640,17727.085938
1584020700,17614.980469
1584020760,17844.070312
1584020820,17980.550781
1584020880,17923.683594
1584020940,17906.625000
1584021000,17954.552734
1584021060,18029.292969
1584021120,17931.808594
1584021180,17855.445312
1584021240,17887.125000
1584021300,17980.550781
1584021360,17992.736328
1584021420,18039.042969
1584021480,18184.457031
1584021540,18267.320312
1584021600,18391.615234
1584021660,18279.505859
1584021720,18208.017578
1584021780,18255.134766
1584021840,18257.572266
1584021900,18223.453125
1584021960,18241.324219
1584022020,18256.757812
1584022080,18271.382812
1584022140,18268.132812
1584022200,18304.691406
1584022260,18350.996094
1584022320,18339.623047
1584022380,18339.623047
1584022440,18340.433594
1584022500,18385.115234
1584022560,18442.794922
1584022620,18467.980469
1584022680,18598.773438
1584022740,18498.035156
1584022800,18476.103516
1584022860,18522.408203
1584022920,18537.843750
1584022980,18540.281250
1584023040,18559.777344
1584023100,18493.162109
1584023160,18395.675781
1584023220,18427.359375
1584023280,18467.167969
1584023340,18507.785156
1584023400,18521.595703
1584023460,18580.085938
1584023520,18741.750000
1584023580,18654.011719
1584023640,18628.828125
1584023700,18682.449219
1584023760,18682.449219
1584023820,18778.308594
1584023880,18867.667969
1584023940,18798.617188
1584024000,18843.296875
1584024060,18825.425781
1584024120,18857.921875
1584024180,18803.492188
1584024240,18665.386719
1584024300,18632.080078
1584024360,18775.058594
1584024420,18749.875000
1584024480,18748.250000
1584024540,18772.621094
1584024600,18772.621094
1584024660,18763.687500
1584024720,18711.693359
1584024780,18663.761719
1584024840,18690.570312
1584024900,18632.892578
1584024960,18579.273438
1584025020,18593.085938
1584025080,18613.394531
1584025140,18643.453125
1584025200,18597.148438
1584025260,18593.898438
1584025320,18575.212891
1584025380,18490.726562
1584025440,18446.857422
1584025500,18484.226562
1584025560,18458.230469
1584025620,18549.216797
1584025680,18590.648438
1584025740,18567.089844
1584025800,18611.769531
1584025860,18631.265625
1584025920,18636.142578
1584025980,18616.644531
1584026040,18635.328125
1584026100,18623.955078
1584026160,18684.072266
1584026220,18784.808594
1584026280,18727.128906
1584026340,18697.882812
1584026400,18768.560547
1584026460,18736.066406
1584026520,18699.507812
1584026580,18652.390625
1584026640,18720.628906
1584026700,18667.011719
1584026760,18629.644531
1584026820,18632.080078
1584026880,18589.023438
1584026940,18571.962891
1584027000,18563.839844
1584027060,18568.714844
1584027120,18564.652344
1584027180,18616.644531
1584027240,18616.644531
1584027300,18579.273438
1584027360,18559.777344
1584027420,18573.589844
1584027480,18622.332031
1584027540,18632.080078
1584027600,18623.955078
1584027660,18658.888672
1584027720,18655.636719
1584027780,18665.386719
1584027840,18770.183594
1584027900,18711.693359
1584027960,18698.695312
1584028020,18695.445312
1584028080,18732.001953
1584028140,18694.632812
1584028200,18660.511719
1584028260,18620.707031
1584028320,18643.453125
1584028380,18642.640625
1584028440,18720.628906
1584028500,18660.511719
1584028560,18697.070312
1584028620,18761.250000
1584028680,18752.312500
1584028740,18760.437500
1584028800,18735.250000
1584028860,18796.992188
1584028920,18835.988281
1584028980,18791.304688
1584029040,18656.451172
1584029100,18571.152344
1584029160,18597.960938
1584029220,18555.714844
1584029280,18572.775391
1584029340,18490.726562
1584029400,18391.615234
1584029460,18466.353516
1584029520,18402.175781
1584029580,18394.050781
1584029640,18394.865234
1584029700,18343.683594
1584029760,18360.744141
1584029820,18486.664062
1584029880,18470.416016
1584029940,18439.544922
1584030000,18473.666016
1584030060,18538.656250
1584030120,18538.656250
1584030180,18493.976562
1584030240,18514.285156
1584030300,18481.789062
1584030360,18450.105469
1584030420,18416.796875
1584030480,18448.482422
1584030540,18433.046875
1584030600,18434.671875
1584030660,18404.613281
1584030720,18396.488281
1584030780,18361.558594
1584030840,18370.492188
1584030900,18458.230469
1584030960,18487.476562
1584031020,18454.980469
1584031080,18511.847656
1584031140,18537.031250
1584031200,18528.093750
1584031260,18482.601562
1584031320,18481.789062
1584031380,18504.535156
1584031440,18506.972656
1584031500,18480.164062
1584031560,18466.353516
1584031620,18459.855469
1584031680,18401.363281
1584031740,18354.246094
1584031800,18388.367188
1584031860,18372.929688
1584031920,18365.619141
1584031980,18501.285156
1584032040,18465.542969
1584032100,18474.478516
1584032160,18485.851562
1584032220,18471.226562
1584032280,18498.035156
1584032340,18618.269531
1584032400,18606.896484
1584032460,18575.212891
1584032520,18551.654297
1584032580,18647.515625
1584032640,18738.501953
1584032700,18827.863281
1584032760,18860.359375
1584032820,19051.269531
1584032880,18866.044922
1584032940,19016.335938
1584033000,18940.785156
1584033060,18887.167969
1584033120,18779.933594
1584033180,18778.308594
1584033240,18831.113281
1584033300,18896.914062
1584033360,18840.861328
1584033420,18827.050781
1584033480,18826.238281
1584033540,18823.800781
1584033600,18937.535156
1584033660,18968.406250
1584033720,18945.660156
1584033780,18851.421875
1584033840,18883.917969
1584033900,18888.791016
1584033960,18874.167969
1584034020,18837.613281
1584034080,18858.734375
1584034140,18901.789062
1584034200,18952.968750
1584034260,18931.847656
1584034320,18883.917969
1584034380,18861.984375
1584034440,18887.167969
1584034500,18845.734375
1584034560,18762.873047
1584034620,18729.566406
1584034680,18801.867188
1584034740,18686.507812
1584034800,18670.261719
1584034860,18680.822266
1584034920,18658.074219
1584034980,18674.324219
1584035040,18693.820312
1584035100,18755.562500
1584035160,18740.126953
1584035220,18800.242188
1584035280,18842.488281
1584035340,18812.429688
1584035400,18887.980469
1584035460,18909.101562
1584035520,18892.041016
1584035580,18835.988281
1584035640,18822.988281
1584035700,18816.488281
1584035760,18799.429688
1584035820,18819.740234
1584035880,18820.550781
1584035940,18830.300781
1584036000,18810.802734
1584036060,18775.058594
1584036120,18779.121094
1584036180,18789.683594
1584036240,18820.550781
1584036300,18832.738281
1584036360,18869.294922
1584036420,18871.732422
1584036480,18853.046875
1584036540,18848.171875
1584036600,18819.740234
1584036660,18811.615234
1584036720,18774.246094
1584036780,18811.615234
1584036840,18881.480469
1584036900,18849.796875
1584036960,18858.734375
1584037020,18814.050781
1584037080,18813.240234
1584037140,18779.121094
1584037200,18818.927734
1584037260,18803.492188
1584037320,18762.873047
1584037380,18768.560547
1584037440,18796.992188
1584037500,18751.500000
1584037560,18762.060547
1584037620,18781.558594
1584037680,18764.496094
1584037740,18813.240234
1584037800,18762.873047
1584037860,18740.126953
1584037920,18711.693359
1584037980,18625.582031
1584038040,18536.218750
1584038100,18586.585938
1584038160,18600.398438
1584038220,18546.781250
1584038280,18524.033203
1584038340,18534.593750
1584038400,18454.167969
1584038460,18441.167969
1584038520,18492.351562
1584038580,18472.853516
1584038640,18493.162109
1584038700,18518.345703
1584038760,18483.414062
1584038820,18464.730469
1584038880,18570.337891
1584038940,18602.021484
1584039000,18660.511719
1584039060,18627.207031
1584039120,18602.021484
1584039180,18564.652344
1584039240,18524.033203
1584039300,18550.027344
1584039360,18553.279297
1584039420,18519.160156
1584039480,18440.359375
1584039540,18446.042969
1584039600,18546.781250
1584039660,18513.472656
1584039720,18527.283203
1584039780,18511.847656
1584039840,18489.914062
1584039900,18491.537109
1584039960,18475.289062
1584040020,18437.109375
1584040080,18471.226562
1584040140,18521.595703
1584040200,18528.906250
1584040260,18538.656250
1584040320,18497.226562
1584040380,18498.849609
1584040440,18500.472656
1584040500,18479.351562
1584040560,18451.730469
1584040620,18489.101562
1584040680,18498.035156
1584040740,18489.101562
1584040800,18515.910156
1584040860,18543.529297
1584040920,18521.595703
1584040980,18476.103516
1584041040,18490.726562
1584041100,18532.156250
1584041160,18501.285156
1584041220,18538.656250
1584041280,18562.214844
1584041340,18511.035156
1584041400,18523.218750
1584041460,18558.152344
1584041520,18602.021484
1584041580,18600.398438
1584041640,18525.658203
1584041700,18542.716797
1584041760,18567.089844
1584041820,18556.527344
1584041880,18525.658203
1584041940,18541.906250
1584042000,18624.769531
1584042060,18598.773438
1584042120,18573.589844
1584042180,18545.968750
1584042240,18497.226562
1584042300,18567.902344
1584042360,18536.218750
1584042420,18524.033203
1584042480,18537.031250
1584042540,18543.529297
1584042600,18619.894531
1584042660,18628.019531
1584042720,18620.707031
1584042780,18621.519531
1584042840,18633.703125
1584042900,18551.654297
1584042960,18551.654297
1584043020,18519.970703
1584043080,18451.730469
1584043140,18538.656250
1584043200,18543.529297
1584043260,18517.533203
1584043320,18439.544922
1584043380,18446.857422
1584043440,18457.417969
1584043500,18477.726562
1584043560,18491.537109
1584043620,18452.542969
1584043680,18462.291016
1584043740,18431.421875
1584043800,18435.484375
1584043860,18467.167969
1584043920,18473.666016
1584043980,18433.859375
1584044040,18441.982422
1584044100,18429.796875
1584044160,18393.240234
1584044220,18386.742188
1584044280,18390.802734
1584044340,18316.875000
1584044400,18364.804688
1584044460,18369.679688
1584044520,18350.183594
1584044580,18351.808594
1584044640,18320.937500
1584044700,18283.566406
1584044760,18265.695312
1584044820,18217.765625
1584044880,18194.207031
1584044940,18086.160156
1584045000,18226.703125
1584045060,18062.601562
1584045120,18031.730469
1584045180,17962.677734
1584045240,17961.867188
1584045300,17876.566406
1584045360,17968.365234
1584045420,17987.863281
1584045480,17900.937500
1584045540,17896.062500
1584045600,17892.812500
1584045660,17879.814453
1584045720,17830.259766
1584045780,17824.574219
1584045840,17779.080078
1584045900,17688.906250
1584045960,17594.667969
1584046020,17754.707031
1584046080,17694.593750
1584046140,17623.914062
1584046200,17636.914062
1584046260,17477.687500
1584046320,17584.109375
1584046380,17536.992188
1584046440,17595.482422
1584046500,17574.359375
1584046560,17532.117188
1584046620,17731.148438
1584046680,17894.437500
1584046740,17764.457031
1584046800,17684.031250
1584046860,17828.634766
1584046920,17756.333984
1584046980,17770.144531
1584047040,17773.394531
1584047100,17770.144531
1584047160,17765.269531
1584047220,17817.261719
1584047280,17911.498047
1584047340,17913.935547
1584047400,17901.750000
1584047460,17853.820312
1584047520,17850.568359
1584047580,17806.701172
1584047640,17749.023438
1584047700,17793.703125
1584047760,17809.136719
1584047820,17806.701172
1584047880,17779.892578
1584047940,17708.402344
1584048000,17696.216797
1584048060,17618.230469
1584048120,17588.169922
1584048180,17485.810547
1584048240,17553.238281
1584048300,17489.060547
1584048360,17643.412109
1584048420,17665.345703
1584048480,17584.919922
1584048540,17585.734375
1584048600,17612.542969
1584048660,17609.292969
1584048720,17601.167969
1584048780,17671.843750
1584048840,17731.148438
1584048900,17814.824219
1584048960,17752.271484
1584049020,17672.658203
1584049080,17716.527344
1584049140,17658.847656
1584049200,17614.166016
1584049260,17620.666016
1584049320,17646.662109
1584049380,17725.462891
1584049440,17657.222656
1584049500,17600.355469
1584049560,17692.156250
1584049620,17660.472656
1584049680,17702.714844
1584049740,17761.207031
1584049800,17692.966797
1584049860,17758.771484
1584049920,17763.644531
1584049980,17804.263672
1584050040,17784.765625
1584050100,17775.019531
1584050160,17883.066406
1584050220,17909.873047
1584050280,17978.925781
1584050340,17939.119141
1584050400,17899.312500
1584050460,17929.371094
1584050520,17926.121094
1584050580,17962.677734
1584050640,17988.673828
1584050700,18007.359375
1584050760,17997.611328
1584050820,18039.853516
1584050880,18065.851562
1584050940,18108.906250
1584051000,18227.511719
1584051060,18132.464844
1584051120,18085.347656
1584051180,18069.101562
1584051240,18049.603516
1584051300,18026.857422
1584051360,17974.050781
1584051420,17941.554688
1584051480,17917.996094
1584051540,17942.367188
1584051600,18029.292969
1584051660,17999.234375
1584051720,17955.367188
1584051780,17906.625000
1584051840,18001.671875
1584051900,18037.416016
1584051960,17991.923828
1584052020,17959.429688
1584052080,17842.445312
1584052140,17822.136719
1584052200,17912.310547
1584052260,17826.199219
1584052320,17863.566406
1584052380,17811.574219
1584052440,17843.257812
1584052500,17806.701172
1584052560,17761.207031
1584052620,17735.210938
1584052680,17783.953125
1584052740,17793.703125
1584052800,17818.886719
1584052860,17783.144531
1584052920,17719.775391
1584052980,17700.279297
1584053040,17735.210938
1584053100,17815.636719
1584053160,17770.957031
1584053220,17740.898438
1584053280,17677.531250
1584053340,17590.607422
1584053400,17648.285156
1584053460,17649.099609
1584053520,17606.855469
1584053580,17580.859375
1584053640,17631.226562
1584053700,17705.152344
1584053760,17684.031250
1584053820,17680.781250
1584053880,17584.919922
1584053940,17636.101562
1584054000,17600.355469
1584054060,17519.929688
1584054120,17502.871094
1584054180,17489.871094
1584054240,17450.066406
1584054300,17501.246094
1584054360,17577.609375
1584054420,17567.861328
1584054480,17459.001953
1584054540,17338.769531
1584054600,17250.218750
1584054660,17099.117188
1584054720,17127.550781
1584054780,17275.404297
1584054840,17163.294922
1584054900,17127.550781
1584054960,17302.212891
1584055020,17332.269531
1584055080,17240.470703
1584055140,17147.046875
1584055200,17163.294922
1584055260,17227.472656
1584055320,16892.773438
1584055380,16712.421875
1584055440,16469.523438
1584055500,16550.759766
1584055560,16214.435547
1584055620,15891.919922
1584055680,15760.314453
1584055740,16441.089844
1584055800,16262.365234
1584055860,15827.742188
1584055920,16026.775391
1584055980,15956.096680
1584056040,15951.221680
1584056100,16139.695312
1584056160,16033.273438
1584056220,16047.896484
1584056280,16066.582031
1584056340,16022.711914
1584056400,16111.261719
1584056460,16173.816406
1584056520,16207.123047
1584056580,16132.383789
1584056640,16111.261719
1584056700,15899.231445
1584056760,15809.055664
1584056820,15532.847656
1584056880,15672.576172
1584056940,15990.217773
1584057000,16057.645508
1584057060,16143.756836
1584057120,16523.138672
1584057180,16137.257812
1584057240,15886.233398
1584057300,16138.882812
1584057360,15874.046875
1584057420,15924.415039
1584057480,16013.777344
1584057540,16056.833008
1584057600,16240.430664
1584057660,16249.367188
1584057720,16476.021484
1584057780,16602.753906
1584057840,16410.218750
1584057900,16234.744141
1584057960,16140.507812
1584058020,16279.424805
1584058080,16237.180664
1584058140,16216.059570
1584058200,16143.756836
1584058260,16284.298828
1584058320,16164.067383
1584058380,16218.496094
1584058440,16309.483398
1584058500,16355.789062
1584058560,16414.281250
1584058620,16240.430664
1584058680,16265.615234
1584058740,16279.424805
1584058800,16237.180664
1584058860,16197.375000
1584058920,16066.582031
1584058980,16051.146484
1584059040,16071.456055
1584059100,16118.574219
1584059160,16071.456055
1584059220,16134.821289
1584059280,16128.322266
1584059340,16090.953125
1584059400,16143.756836
1584059460,16107.200195
1584059520,16202.249023
1584059580,16245.304688
1584059640,16279.424805
1584059700,16333.855469
1584059760,16208.748047
1584059820,16184.376953
1584059880,16181.126953
1584059940,16201.436523
1584060000,16177.066406
1584060060,16115.324219
1584060120,16084.454102
1584060180,16073.893555
1584060240,15961.784180
1584060300,15826.117188
1584060360,15945.537109
1584060420,15874.859375
1584060480,15784.685547
1584060540,15804.182617
1584060600,15919.540039
1584060660,15819.618164
1584060720,15836.677734
1584060780,15846.425781
1584060840,15990.217773
1584060900,15926.040039
1584060960,15932.538086
1584061020,15977.218750
1584061080,16025.961914
1584061140,15981.281250
1584061200,16084.454102
1584061260,16171.378906
1584061320,16097.452148
1584061380,16126.697266
1584061440,16196.562500
1584061500,16137.257812
1584061560,16155.130859
1584061620,16025.961914
1584061680,16063.332031
1584061740,16002.404297
1584061800,16011.339844
1584061860,16012.152344
1584061920,15997.529297
1584061980,15994.280273
1584062040,15973.158203
1584062100,15994.280273
1584062160,15973.969727
1584062220,16003.215820
1584062280,16027.585938
1584062340,15982.093750
1584062400,15967.470703
1584062460,15969.094727
1584062520,15947.974609
1584062580,15930.101562
1584062640,15953.660156
1584062700,15986.967773
1584062760,16013.777344
1584062820,15999.966797
1584062880,15991.841797
1584062940,16005.653320
1584063000,16005.653320
1584063060,16012.963867
1584063120,16054.396484
1584063180,16053.583008
1584063240,16028.399414
1584063300,16043.834961
1584063360,16048.708984
1584063420,16038.959961
1584063480,16002.404297
1584063540,16013.777344
1584063600,16043.834961
1584063660,16011.339844
1584063720,16005.653320
1584063780,15950.411133
1584063840,15918.729492
1584063900,15828.553711
1584063960,15874.859375
1584064020,15835.052734
1584064080,15869.984375
1584064140,15832.616211
1584064200,15828.553711
1584064260,15738.379883
1584064320,15657.142578
1584064380,15651.455078
1584064440,15480.042969
1584064500,15333.001953
1584064560,15245.264648
1584064620,15206.269531
1584064680,15203.833008
1584064740,15146.966797
1584064800,15137.218750
1584064860,14788.707031
1584064920,14826.888672
1584064980,15082.789062
1584065040,15137.218750
1584065100,15004.799805
1584065160,14960.931641
1584065220,14896.752930
1584065280,14936.559570
1584065340,14924.374023
1584065400,14967.430664
1584065460,14967.430664
1584065520,14922.749023
1584065580,14724.528320
1584065640,14470.264648
1584065700,14255.006836
1584065760,14470.264648
1584065820,14689.872070
1584065880,14774.670898
1584065940,14995.365234
1584066000,14837.727539
1584066060,14813.810547
1584066120,14808.373047
1584066180,14817.071289
1584066240,14767.062500
1584066300,14793.153320
1584066360,14959.489258
1584066420,15172.574219
1584066480,15409.576172
1584066540,15298.685547
1584066600,15707.458984
1584066660,16593.498047
1584066720,16094.490234
1584066780,16014.040039
1584066840,16083.618164
1584066900,16214.077148
1584066960,16214.077148
1584067020,16333.665039
1584067080,16760.921875
1584067140,17549.117188
1584067200,16906.601562
1584067260,16793.535156
1584067320,17154.476562
1584067380,17150.125000
1584067440,17778.507812
1584067500,17150.125000
1584067560,17376.257812
1584067620,17101.205078
1584067680,17195.789062
1584067740,17220.792969
1584067800,17046.845703
1584067860,16742.441406
1584067920,17109.902344
1584067980,17219.705078
1584068040,17191.439453
1584068100,16802.234375
1584068160,16903.339844
1584068220,16981.615234
1584068280,16979.441406
1584068340,16945.740234
1584068400,17054.457031
1584068460,17205.572266
1584068520,17144.691406
1584068580,17085.984375
1584068640,17169.695312
1584068700,17041.410156
1584068760,17176.218750
1584068820,17321.898438
1584068880,17309.941406
1584068940,17256.667969
1584069000,17201.222656
1584069060,17253.406250
1584069120,17380.605469
1584069180,17378.429688
1584069240,17518.675781
1584069300,17765.462891
1584069360,17787.207031
1584069420,17693.708984
1584069480,17911.140625
1584069540,18205.763672
1584069600,18106.832031
1584069660,18304.695312
1584069720,18249.250000
1584069780,18303.609375
1584069840,18290.562500
1584069900,18661.285156
1584069960,18613.451172
1584070020,18805.878906
1584070080,19165.730469
1610336220,19141.785156
1610336280,19182.890625
1610336340,19434.302734
1610336400,19621.255859
1610336460,19572.328125
1610336520,19343.685547
1610336580,19479.958984
1610336640,19364.003906
1610336700,19712.921875
1610336760,19767.687500
1610336820,19897.421875
1610336880,19937.242188
1610336940,20010.226562
1610337000,19999.597656
1610337060,19975.544922
1610337120,19944.949219
1610337180,20091.150391
1610337240,20171.255859
1610337300,20269.347656
1610337360,20165.417969
1610337420,20149.070312
1610337480,20125.013672
1610337540,20080.523438
1610337600,20119.291016
1610337660,20284.058594
1610337720,20287.562500
1610337780,20251.828125
1610337840,20243.888672
1610337900,20251.011719
1610337960,20306.945312
1610338020,20346.183594
1610338080,20295.501953
1610338140,20326.914062
1610338200,20183.750000
1610338260,20249.960938
1610338320,20314.187500
1610338380,20324.111328
1610338440,20342.912109
1610338500,20418.814453
1610338560,20309.750000
1610338620,20313.601562
1610338680,20277.167969
1610338740,20186.902344
1610338800,20082.859375
1610338860,19941.445312
1610338920,19909.216797
1610338980,19991.074219
1610339040,19891.234375
1610339100,19695.289062
1610339160,19642.273438
1610339220,19531.457031
1610339280,19466.064453
1610339340,19681.859375
1610339400,19881.660156
1610339460,19788.824219
1610339520,19727.402344
1610339580,19635.267578
1610339640,19752.507812
1610339700,19770.841797
1610339760,19770.490234
1610339820,19931.753906
1610339880,20029.843750
1610339940,20086.828125
1610340000,20026.107422
1610340060,20141.361328
1610340120,20103.527344
1610340180,20086.128906
1610340240,20055.533203
1610340300,20137.275391
1610340360,20107.148438
1610340420,20103.292969
1610340480,20009.992188
1610340540,20135.523438
1610340600,20095.470703
1610340660,20179.546875
1610340720,20195.660156
1610340780,20244.937500
1610340840,20219.484375
1610340900,20213.527344
1610340960,20257.667969
1610341020,20244.121094
1610341080,20253.695312
1610341140,20196.828125
1610341200,20176.861328
1610341260,20266.892578
1610341320,20207.222656
1610341380,20197.531250
1610341440,20252.531250
1610341500,20293.750000
1610341560,20351.203125
1610341620,20359.027344
1610341680,20269.460938
1610341740,20319.558594
1610341800,20296.320312
1610341860,20314.421875
1610341920,20276.117188
1610341980,20271.330078
1610342040,20281.957031
1610342100,20248.560547
1610342160,20236.531250
1610342220,20343.261719
1610342280,20344.781250
1610342340,20324.111328
1610342400,20197.878906
1610342460,20137.275391
1610342520,20073.867188
1610342580,20063.007812
1610342640,20060.671875
1610342700,20171.140625
1610342760,20310.683594
1610342820,20244.355469
1610342880,20245.875000
1610342940,20283.591797
1610343000,20313.484375
1610343060,20230.693359
1610343120,20203.136719
1610343180,20112.402344
1610343240,20135.056641
1610343300,20147.082031
1610343360,20091.150391
1610343420,20065.458984
1610343480,20123.730469
1610343540,20147.433594
1610343600,20101.074219
1610343660,20036.734375
1610343720,20102.007812
1610343780,20104.695312
1610343840,20069.195312
1610343900,19997.265625
1610343960,19913.304688
1610344020,19842.421875
1610344080,19859.238281
1610344140,19896.722656
1610344200,19958.496094
1610344260,20025.289062
1610344320,20078.771484
1610344380,19986.636719
1610344440,19972.390625
1610344500,19931.521484
1610344560,19917.625000
1610344620,19893.101562
1610344680,19914.355469
1610344740,19964.218750
1610344800,19843.472656
1610344860,19836.234375
1610344920,19807.742188
1610344980,19770.724609
1610345040,19719.578125
1610345100,19659.089844
1610345160,19780.066406
1610345220,19790.343750
1610345280,19833.197266
1610345340,19775.628906
1610345400,19735.224609
1610345460,19655.468750
1610345520,19599.183594
1610345580,19654.300781
1610345640,19575.714844
1610345700,19692.720703
1610345760,19822.687500
1610345820,19790.458984
1610345880,19737.796875
1610345940,19700.777344
1610346000,19726.117188
1610346060,19758.230469
1610346120,19861.808594
1610346180,19808.324219
1610346240,19751.923828
1610346300,19865.777344
1610346360,19881.074219
1610346420,19859.003906
1610346480,19843.125000
1610346540,19859.822266
1610346600,19921.595703
1610346660,19964.101562
1610346720,19920.660156
1610346780,19879.207031
1610346840,19831.796875
1610346900,19752.974609
1610346960,19702.644531
1610347020,19692.953125
1610347080,19717.242188
1610347140,19721.328125
1610347200,19699.142578
1610347260,19642.625000
1610347320,19577.814453
1610347380,19522.933594
1610347440,19561.466797
1610347500,19490.117188
1610347560,19259.843750
1610347620,19285.882812
1610347680,19167.824219
1610347740,19044.279297
1610347800,19331.539062
1610347860,19485.449219
1610347920,19436.988281
1610347980,19214.886719
1610348040,19337.496094
1610348100,19347.070312
1610348160,19438.621094
1610348220,19294.875000
1610348280,19261.828125
1610348340,19188.261719
1610348400,19097.996094
1610348460,19356.414062
1610348520,19295.925781
1610348580,19438.505859
1610348640,19506.117188
1610348700,19476.921875
1610348760,19406.742188
1610348820,19406.042969
1610348880,19346.136719
1610348940,19361.435547
1610349000,19359.683594
1610349060,19399.035156
1610349120,19413.632812
1610349180,19415.035156
1610349240,19301.414062
1610349300,19181.019531
1610349360,19128.007812
1610349420,19114.693359
1610349480,19264.162109
1610349540,19194.917969
1610349600,19235.085938
1610349660,19167.824219
1610349720,19211.849609
1610349780,19269.300781
1610349840,19301.179688
1610349900,19293.121094
1610349960,19416.085938
1610350020,19427.996094
1610350080,19427.410156
1610350140,19492.570312
1610350200,19566.839844
1610350260,19658.505859
1610350320,19660.375000
1610350380,19638.304688
1610350440,19586.572266
1610350500,19621.021484
1610350560,19688.400391
1610350620,19763.601562
1610350680,19720.744141
1610350740,19707.316406
1610350800,19675.087891
1610350860,19763.601562
1610350920,19779.132812
1610350980,19772.242188
1610351040,19742.699219
1610351100,19745.734375
1610351160,19672.867188
1610351220,19727.285156
1610351280,19710.236328
1610351340,19679.642578
1610351400,19666.562500
1610351460,19648.347656
1610351520,19616.583984
1610351580,19664.812500
1610351640,19702.996094
1610351700,19797.699219
1610351760,19755.193359
1610351820,19754.843750
1610351880,19730.904297
1610351940,19703.347656
1610352000,19672.750000
1610352060,19644.492188
1610352120,19644.492188
1610352180,19644.492188
1610352240,19644.492188
1610352300,19644.492188
1610352360,19644.492188
1610352420,19644.492188
1610352480,19644.492188
1610352540,19644.492188
1610352600,20005.203125
1610352660,19945.533203
1610352720,19920.427734
1610352780,19946.816406
1610352840,19969.472656
1610352900,20080.873047
1610352960,20142.878906
1610353020,20083.792969
1610353080,20085.429688
1610353140,20017.232422
1610353200,19975.195312
1610353260,19953.824219
1610353320,20014.896484
1610353380,20005.789062
1610353440,19981.617188
1610353500,20067.093750
1610353560,20006.605469
1610353620,20004.269531
1610353680,19986.285156
1610353740,19952.191406
1610353800,19997.964844
1610353860,20046.191406
1610353920,20042.689453
1610353980,20055.300781
1610354040,20029.960938
1610354100,20063.824219
1610354160,20051.097656
1610354220,20053.199219
1610354280,20082.740234
1610354340,20096.287109
1610354400,20119.992188
1610354460,20158.876953
1610354520,20201.265625
1610354580,20215.281250
1610354640,20264.558594
1610354700,20300.406250
1610354760,20316.636719
1610354820,20282.074219
1610354880,20255.449219
1610354940,20264.908203
1610355000,20242.488281
1610355060,20218.431641
1610355120,20175.343750
1610355180,20187.953125
1610355240,20223.218750
1610355300,20181.414062
1610355360,20185.152344
1610355420,20171.490234
1610355480,20140.078125
1610355540,20133.652344
1610355600,20170.437500
1610355660,20185.269531
1610355720,20165.417969
1610355780,20083.093750
1610355840,20038.601562
1610355900,20037.902344
1610355960,19973.207031
1610356020,19998.898438
1610356080,19942.382812
1610356140,19918.441406
1610356200,19857.136719
1610356260,19973.792969
1610356320,20011.859375
1610356380,20024.005859
1610356440,19973.675781
1610356500,20000.769531
1610356560,20075.617188
1610356620,20023.187500
1610356680,20044.906250
1610356740,20037.550781
1610356800,20053.431641
1610356860,20072.464844
1610356920,20044.789062
1610356980,20075.617188
1610357040,20123.613281
1610357100,20148.367188
1610357160,20181.064453
1610357220,20160.160156
1610357280,20136.341797
1610357340,20151.519531
1610357400,20064.642578
1610357460,20059.621094
1610357520,20053.664062
1610357580,20081.105469
1610357640,20090.916016
1610357700,20116.722656
1610357760,20045.609375
1610357820,20040.351562
1610357880,20025.173828
1610357940,20063.240234
1610358000,20091.851562
1610358060,20045.023438
1610358120,20033.464844
1610358180,20075.267578
1610358240,20077.371094
1610358300,20069.312500
1610358360,20061.021484
1610358420,20067.912109
1610358480,20136.806641
1610358540,20124.078125
1610358600,20138.207031
1610358660,20196.128906
1610358720,20218.548828
1610358780,20252.880859
1610358840,20278.921875
1610358900,20271.562500
1610358960,20320.724609
1610359020,20329.716797
1610359080,20382.265625
1610359140,20441.701172
1610359200,20401.648438
1610359260,20423.601562
1610359320,20481.404297
1610359380,20546.214844
1610359440,20601.681641
1610359500,20567.232422
1610359560,20514.683594
1610359620,20494.484375
1610359680,20551.468750
1610359740,20523.910156
1610359800,20534.769531
1610359860,20538.857422
1610359920,20504.757812
1610359980,20499.271484
1610360040,20559.175781
1610360100,20531.734375
1610360160,20552.402344
1610360220,20488.410156
1610360280,20476.384766
1610360340,20442.402344
1610360400,20418.347656
1610360460,20401.298828
1610360520,20491.564453
1610360580,20460.152344
1610360640,20399.664062
1610360700,20344.429688
1610360760,20342.095703
1610360820,20292.933594
1610360880,20259.652344
1610360940,20295.152344
1610361000,20351.787109
1610361060,20270.396484
1610361120,20261.988281
1610361180,20253.580078
1610361240,20327.382812
1610361300,20289.078125
1610361360,20332.751953
1610361420,20307.179688
1610361480,20320.142578
1610361540,20221.234375
1610361600,20180.597656
1610361660,20162.031250
1610361720,20244.472656
1610361780,20192.742188
1610361840,20242.488281
1610361900,20243.187500
1610361960,20255.449219
1610362020,20316.287109
1610362080,20271.679688
1610362140,20251.363281
1610362200,20204.068359
1610362260,20205.003906
1610362320,20253.347656
1610362380,20242.371094
1610362440,20181.298828
1610362500,20214.578125
1610362560,20250.542969
1610362620,20211.191406
1610362680,20185.851562
1610362740,20173.240234
1610362800,20215.746094
1610362860,20125.363281
1610362920,20067.093750
1610362980,20032.179688
1610363040,19969.822266
1610363100,19873.250000
1610363160,19850.714844
1610363220,19946.468750
1610363280,20012.910156
1610363340,20055.416016
1610363400,20027.156250
1610363460,20036.500000
1610363520,19979.632812
1610363580,19872.316406
1610363640,19830.394531
1610363700,19738.845703
1610363760,19839.972656
1610363820,19769.324219
1610363880,19839.503906
1610363940,19844.640625
1610364000,19960.714844
1610364060,19949.736328
1610364120,19851.179688
1610364180,19920.427734
1610364240,19984.535156
1610364300,20032.179688
1610364360,20027.390625
1610364420,19935.490234
1610364480,19885.511719
1610364540,19876.404297
1610364600,19964.101562
1610364660,20024.355469
1610364720,20040.703125
1610364780,19986.988281
1610364840,19948.220703
1610364900,19938.644531
1610364960,19913.537109
1610365020,19994.929688
1610365080,19962.115234
1610365140,19998.898438
1610365200,20025.406250
1610365260,20011.742188
1610365320,19979.748047
1610365380,20013.847656
1610365440,19940.044922
1610365500,19881.191406
1610365560,19833.781250
1610365620,19837.052734
1610365680,19887.730469
1610365740,19865.193359
1610365800,19843.589844
1610365860,19863.441406
1610365920,19903.144531
1610365980,19845.457031
1610366040,19785.789062
1610366100,19704.513672
1610366160,19684.546875
1610366220,19651.148438
1610366280,19637.718750
1610366340,19656.988281
1610366400,19637.953125
1610366460,19556.796875
1610366520,19535.894531
1610366580,19564.269531
1610366640,19454.853516
1610366700,19467.230469
1610366760,19364.703125
1610366820,19420.523438
1610366880,19474.470703
1610366940,19569.640625
1610367000,19611.328125
1610367060,19599.183594
1610367120,19518.611328
1610367180,19521.296875
1610367240,19521.531250
1610367300,19410.246094
1610367360,19467.816406
1610367420,19567.773438
1610367480,19620.320312
1610367540,19683.144531
1610367600,19798.632812
1610367660,19875.468750
1610367720,19898.125000
1610367780,19954.291016
1610367840,19925.916016
1610367900,19923.230469
1610367960,19907.464844
1610368020,19994.695312
1610368080,20017.115234
1610368140,20012.445312
1610368200,19956.978516
1610368260,19908.750000
1610368320,19901.511719
1610368380,19933.507812
1610368440,19959.898438
1610368500,20054.718750
1610368560,20054.015625
1610368620,20010.109375
1610368680,19994.228516
1610368740,19958.261719
1610368800,20022.953125
1610368860,20009.992188
1610368920,20000.652344
1610368980,19945.648438
1610369040,19903.611328
1610369100,19928.953125
1610369160,19840.671875
1610369220,19797.464844
1610369280,19816.734375
1610369340,19893.687500
1610369400,19898.941406
1610369460,19935.841797
1610369520,19944.597656
1610369580,19912.486328
1610369640,19809.142578
1610369700,19704.630859
1610369760,19643.441406
1610369820,19716.541016
1610369880,19678.707031
1610369940,19724.599609
1610370000,19614.482422
1610370060,19583.070312
1610370120,19671.583984
1610370180,19730.554688
1610370240,19725.767578
1610370300,19656.171875
1610370360,19743.398438
1610370420,19780.066406
1610370480,19768.507812
1610370540,19756.828125
1610370600,19680.107422
1610370660,19701.361328
1610370720,19719.109375
1610370780,19671.232422
1610370840,19623.357422
1610370900,19589.144531
1610370960,19578.398438
1610371020,19589.492188
1610371080,19547.453125
1610371140,19541.732422
1610371200,19559.949219
1610371260,19490.117188
1610371320,19444.343750
1610371380,19400.787109
1610371440,19316.945312
1610371500,19482.529297
1610371560,19512.189453
1610371620,19524.683594
1610371680,19503.314453
1610371740,19454.269531
1610371800,19394.832031
1610371860,19345.437500
1610371920,19380.703125
1610371980,19377.550781
1610372040,19330.257812
1610372100,19391.328125
1610372160,19440.839844
1610372220,19433.367188
1610372280,19388.875000
1610372340,19421.689453
1610372400,19588.091797
1610372460,19588.441406
1610372520,19639.472656
1610372580,19567.773438
1610372640,19575.714844
1610372700,19534.609375
1610372760,19587.625000
1610372820,19591.011719
1610372880,19590.777344
1610372940,19571.859375
1610373000,19523.982422
1610373060,19548.039062
1610373120,19508.101562
1610373180,19429.632812
1610373240,19381.871094
1610373300,19381.052734
1610373360,19332.474609
1610373420,19307.835938
1610373480,19265.097656
1610373540,19169.109375
1610373600,19339.714844
1610373660,19213.484375
1610373720,19153.578125
1610373780,19039.609375
1610373840,19062.962891
1610373900,18885.468750
1610373960,18889.671875
1610374020,18993.599609
1610374080,18900.765625
1610374140,18767.644531
1610374200,18646.082031
1610374260,18601.943359
1610374320,18545.775391
1610374380,18551.964844
1610374440,18309.660156
1610374500,18797.771484
1610374560,18729.808594
1610374620,18681.582031
1610374680,18708.558594
1610374740,18881.148438
1610374800,18970.128906
1610374860,19121.349609
1610374920,19080.128906
1610374980,19115.746094
1610375040,19057.125000
1610375100,19057.824219
1610375160,19188.376953
1610375220,19236.955078
1610375280,19052.220703
1610375340,19154.164062
1610375400,19262.761719
1610375460,19295.224609
1610375520,19273.154297
1610375580,19255.289062
1610375640,19163.152344
1610375700,18990.914062
1610375760,18951.677734
1610375820,19034.703125
1610375880,19129.640625
1610375940,19124.269531
1610376000,19244.312500
1610376060,19205.425781
1610376120,19135.828125
1610376180,19121.115234
1610376240,19211.265625
1610376300,19277.474609
1610376360,19318.695312
1610376420,19274.205078
1610376480,19323.250000
1610376540,19322.082031
1610376600,19287.984375
1610376660,19235.671875
1610376720,19261.476562
1610376780,19192.931641
1610376840,19167.707031
1610376900,19240.808594
1610376960,19247.113281
1610377020,19208.578125
1610377080,19249.800781
1610377140,19314.375000
1610377200,19372.177734
1610377260,19406.277344
1610377320,19388.994141
1610377380,19378.835938
1610377440,19348.589844
1610377500,19313.675781
1610377560,19321.966797
1610377620,19291.021484
1610377680,19208.812500
1610377740,19196.435547
1610377800,19214.300781
1610377860,19152.761719
1610377920,19207.527344
1610377980,19178.685547
1610378040,19158.716797
1610378100,19240.691406
1610378160,19179.619141
1610378220,19149.609375
1610378280,19135.246094
1610378340,19198.535156
1610378400,19236.253906
1610378460,19221.890625
1610378520,19279.695312
1610378580,19252.250000
1610378640,19179.501953
1610378700,19138.164062
1610378760,19158.716797
1610378820,19129.056641
1610378880,19038.441406
1610378940,19036.806641
1610379000,19029.800781
1610379060,18985.894531
1610379120,18900.531250
1610379180,18829.300781
1610379240,18794.386719
1610379300,18945.371094
1610379360,18889.205078
1610379420,18950.744141
1610379480,19011.000000
1610379540,18937.781250
1610379600,18921.902344
1610379660,18790.998047
1610379720,18835.722656
1610379780,18729.576172
1610379840,18788.664062
1610379900,18864.449219
1610379960,18741.136719
1610380020,18665.933594
1610380080,18683.218750
1610380140,18584.195312
1610380200,18673.408203
1610380260,18635.691406
1610380320,18720.468750
1610380380,18745.808594
1610380440,18798.589844
1610380500,18762.621094
1610380560,18698.281250
1610380620,18675.626953
1610380680,18656.476562
1610380740,18598.324219
1610380800,18520.785156
1610380860,18400.625000
1610380920,18350.414062
1610380980,18433.789062
1610381040,18710.777344
1610381100,18627.050781
1610381160,18458.078125
1610381220,18425.732422
1610381280,18449.203125
1610381340,18367.578125
1610381400,18432.390625
1610381460,18322.972656
1610381520,18183.312500
1610381580,18110.562500
1610381640,18087.441406
1610381700,18152.367188
1610381760,18093.513672
1610381820,18002.195312
1610381880,17937.271484
1610381940,18112.197266
1610382000,18154.117188
1610382060,18396.656250
1610382120,18370.615234
1610382180,18493.343750
1610382240,18610.933594
1610382300,18642.814453
1610382360,18523.472656
1610382420,18409.500000
1610382480,18371.082031
1610382540,18344.691406
1610382600,18428.068359
1610382660,18257.929688
1610382720,18212.505859
1610382780,18085.808594
1610382840,18070.625000
1610382900,18024.384766
1610382960,17969.734375
1610383020,17913.916016
1610383080,17911.582031
1610383140,18013.875000
1610383200,18210.636719
1610383260,18216.359375
1610383320,18107.058594
1610383380,18047.972656
1610383440,17979.425781
1610383500,17970.785156
1610383560,17908.894531
1610383620,17991.687500
1610383680,18133.449219
1610383740,18063.152344
1610383800,18187.164062
1610383860,18234.343750
1610383920,18154.351562
1610383980,18213.439453
1610384040,18320.171875
1610384100,18313.281250
1610384160,18441.146484
1610384220,18494.394531
1610384280,18455.509766
1610384340,18438.812500
1610384400,18341.189453
1610384460,18362.091797
1610384520,18296.232422
1610384580,18275.562500
1610384640,18143.609375
1610384700,18034.894531
1610384760,17996.474609
1610384820,18041.900391
1610384880,18095.498047
1610384940,18247.654297
1610385000,18155.988281
1610385060,18070.976562
1610385120,18148.746094
1610385180,18090.476562
1610385240,18055.210938
1610385300,18234.925781
1610385360,18209.937500
1610385420,18187.632812
1610385480,18311.179688
1610385540,18439.980469
1610385600,18440.097656
1610385660,18540.988281
1610385720,18467.421875
1610385780,18459.128906
1610385840,18475.126953
1610385900,18521.486328
1610385960,18574.152344
1610386020,18529.542969
1610386080,18686.253906
1610386140,18688.355469
1610386200,18796.019531
1610386260,18765.308594
1610386320,18897.847656
1610386380,18941.050781
1610386440,19043.695312
1610386500,18931.945312
1610386560,18828.716797
1610386620,18996.751953
1610386680,19017.539062
1610386740,19075.107422
1610386800,19040.425781
1610386860,19127.187500
1610386920,19054.322266
1610386980,18962.656250
1610387040,18918.164062
1610387100,18827.316406
1610387160,18871.572266
1610387220,18768.929688
1610387280,18654.841797
1610387340,18747.324219
1610387400,18816.572266
1610387460,18709.375000
1610387520,18709.607422
1610387580,18677.730469
1610387640,18672.824219
1610387700,18719.066406
1610387760,18759.468750
1610387820,18700.617188
1610387880,18798.121094
1610387940,18844.597656
1610388000,18950.042969
1610388060,18825.445312
1610388120,18834.671875
1610388180,18899.947266
1610388240,18915.945312
1610388300,18851.837891
1610388360,18836.423828
1610388420,18805.363281
1610388480,18722.220703
1610388540,18693.492188
1610388600,18773.250000
1610388660,18757.019531
1610388720,18791.113281
1610388780,18869.587891
1610388840,18859.429688
1610388900,18879.511719
1610388960,18828.015625
1610389020,18808.980469
1610389080,18849.968750
1610389140,18822.410156
1610389200,18759.468750
1610389260,18827.199219
1610389320,18854.523438
1610389380,18848.218750
1610389440,18929.257812
1610389500,18931.126953
1610389560,18919.683594
1610389620,18982.273438
1610389680,19057.941406
1610389740,19032.136719
1610389800,18948.642578
1610389860,18972.113281
1610389920,18972.929688
1610389980,19031.902344
1610390040,19053.269531
1610390100,19132.326172
1610390160,19134.312500
1610390220,19081.062500
1610390280,19047.898438
1610390340,18960.203125
1610390400,19014.734375
1610390460,19012.984375
1610390520,18994.183594
1610390580,19044.511719
1610390640,19072.070312
1610390700,19054.439453
1610390760,19072.070312
1610390820,19077.208984
1610390880,19047.898438
1610390940,18987.410156
1610391000,19033.652344
1610391060,18950.976562
1610391120,18886.052734
1610391180,18885.818359
1610391240,18906.486328
1610391300,18807.230469
1610391360,18813.769531
1610391420,18761.689453
1610391480,18834.906250
1610391540,18788.664062
1610391600,18854.757812
1610391660,18903.566406
1610391720,18871.804688
1610391780,18876.242188
1610391840,18905.902344
1610391900,18928.441406
1610391960,18820.074219
1610392020,18775.701172
1610392080,18804.195312
1610392140,18796.488281
1610392200,18748.492188
1610392260,18691.742188
1610392320,18642.580078
1610392380,18591.785156
1610392440,18526.390625
1610392500,18579.054688
1610392560,18534.449219
1610392620,18525.339844
1610392680,18509.458984
1610392740,18529.660156
1610392800,18585.359375
1610392860,18539.703125
1610392920,18495.447266
1610392980,18523.822266
1610393040,18574.269531
1610393100,18517.632812
1610393160,18409.734375
1610393220,18355.667969
1610393280,18381.007812
1610393340,18340.839844
1610393400,18410.552734
1610393460,18304.523438
1610393520,18245.552734
1610393580,18364.078125
1610393640,18489.492188
1610393700,18514.130859
1610393760,18463.566406
1610393820,18534.800781
1610393880,18535.968750
1610393940,18542.390625
1610394000,18565.976562
1610394060,18631.720703
1610394120,18685.785156
1610394180,18718.832031
1610394240,18700.617188
1610394300,18838.175781
1610394360,18777.453125
1610394420,18778.621094
1610394480,18750.011719
1610394540,18731.796875
1610394600,18643.046875
1610394660,18732.730469
1610394720,18731.445312
1610394780,18751.878906
1610394840,18782.474609
1610394900,18716.847656
1610394960,18683.568359
1610395020,18674.343750
1610395080,18725.722656
1610395140,18682.398438
1610395200,18583.492188
1610395260,18502.453125
1610395320,18533.863281
1610395380,18486.455078
1610395440,18536.082031
1610395500,18480.966797
1610395560,18501.167969
1610395620,18434.957031
1610395680,18472.324219
1610395740,18393.035156
1610395800,18404.246094
1610395860,18536.550781
1610395920,18557.453125
1610395980,18485.871094
1610396040,18477.580078
1610396100,18546.708984
1610396160,18617.824219
1610396220,18610.818359
1610396280,18582.207031
1610396340,18628.333984
1610396400,18675.277344
1610396460,18679.013672
1610396520,18617.824219
1610396580,18565.042969
1610396640,18547.527344
1610396700,18531.179688
1610396760,18526.859375
1610396820,18525.691406
1610396880,18553.365234
1610396940,18589.681641
1610397000,18590.033203
1610397060,18638.492188
1610397120,18677.261719
1610397180,18691.974609
1610397240,18705.171875
1610397300,18697.929688
1610397360,18639.777344
1610397420,18719.066406
1610397480,18661.730469
1610397540,18621.445312
1610397600,18615.605469
1610397660,18659.162109
1610397720,18721.285156
1610397780,18794.386719
1610397840,18782.707031
1610397900,18847.984375
1610397960,18886.636719
1610398020,18932.410156
1610398080,18930.542969
1610398140,18982.740234
1610398200,19061.912109
1610398260,19030.617188
1610398320,19038.324219
1610398380,19022.326172
1610398440,18940.585938
1610398500,19023.960938
1610398560,19022.792969
1610398620,19073.238281
1610398680,19044.863281
1610398740,19097.294922
1610398800,19147.390625
1610398860,19112.941406
1610398920,19049.886719
1610398980,18979.937500
1610399040,18994.183594
1610399100,19039.609375
1610399160,19068.451172
1610399220,19111.656250
1610399280,19080.828125
1610399340,19015.203125
1610399400,19080.246094
1610399460,19085.265625
1610399520,19183.005859
1610399580,19214.769531
1610399640,19226.679688
1610399700,19199.703125
1610399760,19194.566406
1610399820,19189.429688
1610399880,19137.582031
1610399940,19226.445312
1610400000,19252.835938
1610400060,19266.847656
1610400120,19314.142578
1610400180,19345.671875
1610400240,19381.402344
1610400300,19316.828125
1610400360,19244.546875
1610400420,19235.787109
1610400480,19253.652344
1610400540,19335.046875
1610400600,19289.386719
1610400660,19259.843750
1610400720,19206.244141
1610400780,19184.990234
1610400840,19100.562500
1610400900,19055.839844
1610400960,19054.556641
1610401020,19084.216797
1610401080,19203.791016
1610401140,19270.234375
1610401200,19194.332031
1610401260,19243.611328
1610401320,19261.476562
1610401380,19267.316406
1610401440,19252.369141
1610401500,19161.519531
1610401560,19121.349609
1610401620,19190.712891
1610401680,19209.164062
1610401740,19209.164062
1610401800,19211.730469
1610401860,19273.271484
1610401920,19269.884766
1610401980,19261.009766
1610402040,19264.863281
1610402100,19229.130859
1610402160,19260.076172
1610402220,19314.259766
1610402280,19285.183594
1610402340,19232.869141
1610402400,19253.769531
1610402460,19220.140625
1610402520,19168.175781
1610402580,19168.992188
1610402640,19177.519531
1610402700,19171.679688
1610402760,19151.710938
1610402820,19224.226562
1610402880,19271.751953
1610402940,19296.625000
1610403000,19340.066406
1610403060,19359.917969
1610403120,19378.718750
1610403180,19418.419922
1614071340,19394.160156
1614071400,19386.042969
1614071460,18997.537109
1614071520,19333.464844
1614071580,19511.574219
1614071640,19598.425781
1614071700,19621.566406
1614071760,19738.203125
1614071820,19815.732422
1614071880,19731.296875
1614071940,19918.902344
1614072000,20046.851562
1614072060,20022.589844
1614072120,19909.578125
1614072180,19860.109375
1614072240,19998.417969
1614072300,20059.974609
1614072360,20108.062500
1614072420,20206.914062
1614072480,20280.384766
1614072540,20288.673828
1614072600,20219.175781
1614072660,20149.070312
1614072720,20350.316406
1614072780,20281.335938
1614072840,20256.644531
1614072900,20277.105469
1614072960,20152.351562
1614073020,20076.203125
1614073080,20035.625000
1614073140,20083.283203
1614073200,20017.150391
1614073260,20059.455078
1614073320,19964.400391
1614073380,20004.460938
1614073440,20076.722656
1614073500,19967.593750
1614073560,19957.578125
1614073620,20010.675781
1614073680,20074.218750
1614073740,20136.638672
1614073800,20212.007812
1614073860,20185.160156
1614073920,20177.992188
1614073980,20146.652344
1614074040,20172.121094
1614074100,20187.058594
1614074160,20192.324219
1614074220,20151.574219
1614074280,20196.900391
1614074340,20233.593750
1614074400,20255.867188
1614074460,20368.964844
1614074520,20375.181641
1614074580,20409.542969
1614074640,20428.105469
1614074700,20357.482422
1614074760,20371.728516
1614074820,20361.798828
1614074880,20354.892578
1614074940,20428.105469
1614075000,20376.648438
1614075060,20370.259766
1614075120,20356.101562
1614075180,20351.267578
1614075240,20271.578125
1614075300,20263.980469
1614075360,20134.738281
1614075420,20161.244141
1614075480,20094.591797
1614075540,20072.058594
1614075600,20027.769531
1614075660,20088.289062
1614075720,20085.789062
1614075780,20150.019531
1614075840,20194.570312
1614075900,20195.257812
1614075960,20170.568359
1614076020,20109.701172
1614076080,20098.132812
1614076140,20086.650391
1614076200,20049.007812
1614076260,19992.976562
1614076320,19893.693359
1614076380,19859.937500
1614076440,19854.753906
1614076500,19973.121094
1614076560,19978.298828
1614076620,19872.109375
1614076680,19914.324219
1614076740,19803.730469
1614076800,19812.882812
1614076860,19941.089844
1614076920,19979.683594
1614076980,19993.753906
1614077040,20052.203125
1614077100,20050.906250
1614077160,20023.972656
1614077220,19954.384766
1614077280,19899.304688
1614077340,19889.546875
1614077400,19851.820312
1614077460,19958.443359
1614077520,19893.519531
1614077580,19879.187500
1614077640,19929.953125
1614077700,19973.812500
1614077760,19998.330078
1614077820,20023.798828
1614077880,20036.576172
1614077940,20062.996094
1614078000,20046.246094
1614078060,20145.789062
1614078120,20183.605469
1614078180,20217.619141
1614078240,20191.375000
1614078300,20159.863281
1614078360,20185.675781
1614078420,20125.933594
1614078480,20131.371094
1614078540,20219.347656
1614078600,20194.310547
1614078660,20166.769531
1614078720,20148.464844
1614078780,20154.769531
1614078840,20169.705078
1614078900,20129.732422
1614078960,20053.500000
1614079020,20017.582031
1614079080,20004.373047
1614079140,20006.789062
1614079200,19900.082031
1614079260,19895.589844
1614079320,19889.031250
1614079380,19918.988281
1614079440,19848.710938
1614079500,19787.500000
1614079560,19872.884766
1614079620,19905.519531
1614079680,19856.050781
1614079740,19907.679688
1614079800,19884.023438
1614079860,19869.777344
1614079920,19815.558594
1614079980,19810.724609
1614080040,19763.585938
1614080100,19666.632812
1614080160,19575.289062
1614080220,19537.214844
1614080280,19492.839844
1614080340,19509.933594
1614080400,19444.751953
1614080460,19538.855469
1614080520,19467.113281
1614080580,19421.097656
1614080640,19326.644531
1614080700,19194.554688
1614080760,19441.642578
1614080820,19503.544922
1614080880,19537.388672
1614080940,19572.613281
1614081000,19529.015625
1614081060,19579.175781
1614081120,19564.238281
1614081180,19584.613281
1614081240,19509.933594
1614081300,19585.304688
1614081360,19561.820312
1614081420,19637.882812
1614081480,19754.521484
1614081540,19826.955078
1614081600,19810.033203
1614081660,19870.554688
1614081720,19855.273438
1614081780,19905.607422
1614081840,19944.113281
1614081900,19949.291016
1614081960,19890.498047
1614082020,19815.386719
1614082080,19815.646484
1614082140,19872.539062
1614082200,19858.294922
1614082260,19870.294922
1614082320,19876.080078
1614082380,19891.015625
1614082440,19920.800781
1614082500,20026.300781
1614082560,20032.085938
1614082620,20072.320312
1614082680,20043.828125
1614082740,20007.308594
1614082800,20037.267578
1614082860,20059.455078
1614082920,20033.294922
1614082980,19993.667969
1614083040,20004.373047
1614083100,19950.242188
1614083160,19940.226562
1614083220,19951.796875
1614083280,19961.464844
1614083340,19895.417969
1614083400,19844.914062
1614083460,19729.484375
1614083520,19672.587891
1614083580,19651.265625
1614083640,19731.554688
1614083700,19671.640625
1614083760,19756.593750
1614083820,19871.417969
1614083880,20068.865234
1614083940,20229.792969
1614084000,20165.300781
1614084060,20095.800781
1614084120,20165.906250
1614084180,20113.933594
1614084240,20098.478516
1614084300,20216.326172
1614084360,20283.837891
1614084420,20343.152344
1614084480,20440.363281
1614084540,20443.992188
1614084600,20354.203125
1614084660,20413.425781
1614084720,20560.109375
1614084780,20622.875000
1614084840,20504.941406
1614084900,20593.695312
1614084960,20620.630859
1614085020,20580.484375
1614085080,20542.238281
1614085140,20485.863281
1614085200,20459.445312
1614085260,20379.238281
1614085320,20453.314453
1614085380,20558.296875
1614085440,20626.585938
1614085500,20540.597656
1614085560,20495.187500
1614085620,20519.447266
1614085680,20591.105469
1614085740,20552.513672
1614085800,20511.935547
1614085860,20618.386719
1614085920,20586.787109
1614085980,20605.523438
1614086040,20693.843750
1614086100,20775.775391
1614086160,20646.705078
1614086220,20634.789062
1614086280,20605.953125
1614086340,20639.625000
1614086400,20665.525391
1614086460,20653.611328
1614086520,20623.308594
1614086580,20586.875000
1614086640,20560.542969
1614086700,20526.439453
1614086760,20485.085938
1614086820,20524.972656
1614086880,20529.375000
1614086940,20568.226562
1614087000,20507.359375
1614087060,20552.253906
1614087120,20629.265625
1614087180,20600.687500
1614087240,20642.388672
1614087300,20665.957031
1614087360,20637.035156
1614087420,20590.328125
1614087480,20583.679688
1614087540,20531.705078
1614087600,20489.746094
1614087660,20424.738281
1614087720,20435.615234
1614087780,20419.558594
1614087840,20343.929688
1614087900,20412.304688
1614087960,20469.113281
1614088020,20479.906250
1614088080,20498.898438
1614088140,20523.503906
1614088200,20525.835938
1614088260,20603.105469
1614088320,20588.082031
1614088380,20620.542969
1614088440,20635.826172
1614088500,20671.222656
1614088560,20614.500000
1614088620,20615.105469
1614088680,20619.421875
1614088740,20678.820312
1614088800,20706.101562
1614088860,20675.884766
1614088920,20652.488281
1614088980,20708.519531
1614089040,20720.175781
1614089100,20767.486328
1614089160,20762.652344
1614089220,20809.705078
1614089280,20832.669922
1614089340,20851.750000
1614089400,20821.015625
1614089460,20781.214844
1614089520,20754.708984
1614089580,20777.759766
1614089640,20804.869141
1614089700,20750.132812
1614089760,20752.810547
1614089820,20764.810547
1614089880,20720.693359
1614089940,20713.699219
1614090000,20723.283203
1614090060,20734.505859
1614090120,20714.216797
1614090180,20688.058594
1614090240,20705.583984
1614090300,20740.810547
1614090360,20707.828125
1614090420,20681.929688
1614090480,20712.320312
1614090540,20683.914062
1614090600,20750.046875
1614090660,20742.621094
1614090720,20740.462891
1614090780,20702.130859
1614090840,20634.013672
1614090900,20588.167969
1614090960,20592.832031
1614091020,20550.699219
1614091080,20465.746094
1614091140,20468.335938
1614091200,20523.246094
1614091260,20481.199219
1614091320,20412.738281
1614091380,20397.628906
1614091440,20297.394531
1614091500,20348.417969
1614091560,20416.621094
1614091620,20390.031250
1614091680,20183.691406
1614091740,20122.046875
1614091800,20059.455078
1614091860,20067.828125
1614091920,20194.050781
1614091980,20241.105469
1614092040,20315.003906
1614092100,20363.007812
1614092160,20427.585938
1614092220,20486.984375
1614092280,20439.500000
1614092340,20404.535156
1614092400,20315.697266
1614092460,20306.976562
1614092520,20425.859375
1614092580,20520.310547
1614092640,20631.078125
1614092700,20555.103516
1614092760,20615.105469
1614092820,20548.972656
1614092880,20557.261719
1614092940,20581.609375
1614093000,20595.507812
1614093060,20621.408203
1614093120,20565.808594
1614093180,20541.894531
1614093240,20531.878906
1614093300,20455.212891
1614093360,20465.832031
1614093420,20555.017578
1614093480,20578.500000
1614093540,20633.322266
1614093600,20709.988281
1614093660,20708.087891
1614093720,20753.328125
1614093780,20782.683594
1614093840,20759.542969
1614093900,20707.484375
1614093960,20789.501953
1614094020,20800.812500
1614094080,20788.121094
1614094140,20775.257812
1614094200,20692.289062
1614094260,20731.140625
1614094320,20689.699219
1614094380,20682.878906
1614094440,20725.441406
1614094500,20780.089844
1614094560,20723.628906
1614094620,20814.107422
1614094680,20879.375000
1614094740,20912.875000
1614094800,20880.843750
1614094860,20863.664062
1614094920,20959.496094
1614094980,20978.660156
1618716900,20952.449219
1618716960,21125.011719
1618717020,21403.925781
1618717080,21470.941406
1618717140,21480.925781
1618717200,21433.343750
1618717260,21323.507812
1618717320,21460.820312
1618717380,21715.878906
1618717440,21749.988281
1618717500,21837.710938
1618717560,21846.289062
1618717620,21806.011719
1618717680,21668.431641
1618717740,21732.296875
1618717800,21968.791016
1618717860,21963.832031
1618717920,22074.003906
1618717980,22174.927734
1618718040,22225.925781
1618718100,22243.683594
1618718160,22136.193359
1618718220,22254.003906
1618718280,22345.007812
1618718340,22334.755859
1618718400,22304.464844
1618718460,22201.062500
1618718520,22164.003906
1618718580,22177.539062
1618718640,22143.966797
1618718700,22162.595703
1618718760,22274.980469
1618718820,22206.693359
1618718880,22229.679688
1618718940,22300.042969
1618719000,22284.496094
1618719060,22246.429688
1618719120,22238.054688
1618719180,22279.203125
1618719240,22209.910156
1618719300,22290.929688
1618719360,22279.939453
1618719420,22275.179688
1618719480,22306.410156
1618719540,22296.222656
1618719600,22265.464844
1618719660,22269.417969
1618719720,22290.929688
1618719780,22422.546875
1618719840,22457.796875
1618719900,22467.646484
1618719960,22512.613281
1618720020,22469.253906
1618720080,22484.937500
1618720140,22472.070312
1618720200,22502.027344
1618720260,22550.544922
1618720320,22575.609375
1618720380,22616.417969
1618720440,22619.634766
1618720500,22495.523438
1618720560,22507.453125
1618720620,22572.589844
1618720680,22587.937500
1618720740,22472.875000
1618720800,22363.574219
1618720860,22329.330078
1618720920,22254.072266
1618720980,22355.464844
1618721040,22333.082031
1618721100,22384.080078
1618721160,22312.039062
1618721220,22327.585938
1618721280,22324.371094
1618721340,22305.941406
1618721400,22352.917969
1618721460,22385.218750
1618721520,22325.507812
1618721580,22346.150391
1618721640,22241.607422
1618721700,22229.878906
1618721760,22285.234375
1618721820,22212.054688
1618721880,22229.476562
1618721940,22280.675781
1618722000,22331.406250
1618722060,22383.140625
1618722120,22411.755859
1618722180,22465.234375
1618722240,22488.152344
1618722300,22480.113281
1618722360,22483.863281
1618722420,22476.156250
1618722480,22472.806641
1618722540,22506.113281
1618722600,22474.953125
1618722660,22475.888672
1618722720,22453.171875
1618722780,22466.708984
1618722840,22470.998047
1618722900,22486.410156
1618722960,22445.464844
1618723020,22449.351562
1618723080,22438.898438
1618723140,22413.097656
1618723200,22375.703125
1618723260,22398.019531
1618723320,22403.179688
1618723380,22429.986328
1618723440,22384.484375
1618723500,22383.812500
1618723560,22387.564453
1618723620,22434.408203
1618723680,22425.898438
1618723740,22431.527344
1618723800,22460.007812
1618723860,22422.410156
1618723920,22386.894531
1618723980,22377.378906
1618724040,22389.105469
1618724100,22328.189453
1618724160,22258.695312
1618724220,22251.324219
1618724280,22284.763672
1618724340,22289.923828
1618724400,22343.402344
1618724460,22362.970703
1618724520,22402.843750
1618724580,22392.189453
1618724640,22422.546875
1618724700,22422.410156
1618724760,22395.337891
1618724820,22406.664062
1618724880,22407.402344
1618724940,22387.429688
1618725000,22411.689453
1618725060,22472.740234
1618725120,22475.888672
1618725180,22512.613281
1618725240,22490.429688
1618725300,22515.761719
1618725360,22501.421875
1618725420,22486.277344
1618725480,22470.796875
1618725540,22449.687500
1618725600,22470.929688
1618725660,22478.167969
1618725720,22439.097656
1618725780,22518.511719
1618725840,22550.277344
1618725900,22551.212891
1618725960,22513.753906
1618726020,22543.777344
1618726080,22531.914062
1618726140,22523.066406
1618726200,22509.732422
1618726260,22536.470703
1618726320,22552.753906
1618726380,22585.660156
1618726440,22594.906250
1618726500,22600.134766
1618726560,22626.738281
1618726620,22638.064453
1618726680,22662.123047
1618726740,22644.365234
1618726800,22625.601562
1618726860,22630.626953
1618726920,22615.546875
1618726980,22611.326172
1618727040,22621.511719
1618727100,22604.222656
1618727160,22621.308594
1618727220,22566.292969
1618727280,22595.109375
1618727340,22630.291016
1618727400,22618.093750
1618727460,22562.539062
1618727520,22521.056641
1618727580,22519.986328
1618727640,22501.824219
1618727700,22472.472656
1618727760,22537.208984
1618727820,22538.683594
1618727880,22520.455078
1618727940,22496.195312
1618728000,22499.480469
1618728060,22511.406250
1618728120,22439.568359
1618728180,22411.289062
1618728240,22447.812500
1618728300,22450.757812
1618728360,22497.802734
1618728420,22509.664062
1618728480,22499.546875
1618728540,22489.494141
1618728600,22424.220703
1618728660,22433.468750
1618728720,22435.210938
1618728780,22455.718750
1618728840,22450.892578
1618728900,22495.457031
1618728960,22481.585938
1618729020,22490.832031
1618729080,22502.964844
1618729140,22531.242188
1618729200,22536.000000
1618729260,22576.412109
1618729320,22618.363281
1618729380,22654.148438
1618729440,22649.121094
1618729500,22620.640625
1618729560,22650.531250
1618729620,22671.037109
1618729680,22705.347656
1618729740,22671.638672
1618729800,22658.705078
1618729860,22694.156250
1618729920,22710.507812
1618729980,22706.152344
1618730040,22716.539062
1618730100,22702.263672
1618730160,22677.269531
1618730220,22653.410156
1618730280,22658.236328
1618730340,22682.093750
1618730400,22713.455078
1618730460,22693.619141
1618730520,22693.955078
1618730580,22716.273438
1618730640,22721.164062
1618730700,22723.507812
1618730760,22750.917969
1618730820,22745.355469
1618730880,22743.078125
1618730940,22769.546875
1618731000,22781.609375
1618731060,22806.671875
1618731120,22752.726562
1618731180,22728.464844
1618731240,22746.628906
1618731300,22735.437500
1618731360,22742.539062
1618731420,22757.484375
1618731480,22757.550781
1618731540,22743.078125
1618731600,22732.488281
1618731660,22750.917969
1618731720,22742.339844
1618731780,22723.976562
1618731840,22747.902344
1618731900,22751.386719
1618731960,22718.148438
1618732020,22656.292969
1618732080,22680.484375
1618732140,22697.171875
1618732200,22683.230469
1618732260,22680.484375
1618732320,22682.361328
1618732380,22681.691406
1618732440,22669.496094
1618732500,22640.343750
1618732560,22657.632812
1618732620,22677.468750
1618732680,22673.582031
1618732740,22679.144531
1618732800,22726.791016
1618732860,22753.462891
1618732920,22692.078125
1618732980,22576.880859
1618733040,22598.257812
1618733100,22588.472656
1618733160,22588.339844
1618733220,22602.279297
1618733280,22529.835938
1618733340,22495.191406
1618733400,22515.964844
1618733460,22567.498047
1618733520,22543.171875
1618733580,22537.339844
1618733640,22531.914062
1618733700,22549.875000
1618733760,22580.296875
1618733820,22513.687500
1618733880,22518.912109
1618733940,22523.402344
1618734000,22548.265625
1618734060,22562.470703
1618734120,22543.240234
1618734180,22562.539062
1618734240,22553.023438
1618734300,22570.914062
1618734360,22599.328125
1618734420,22596.785156
1618734480,22576.613281
1618734540,22559.390625
1618734600,22570.847656
1618734660,22562.205078
1618734720,22535.265625
1618734780,22543.039062
1618734840,22502.628906
1618734900,22501.958984
1618734960,22450.826172
1618735020,22462.285156
1618735080,22443.990234
1618735140,22498.742188
1618735200,22462.015625
1618735260,22409.210938
1618735320,22425.292969
1618735380,22428.242188
1618735440,22403.044922
1618735500,22357.945312
1618735560,22330.199219
1618735620,22348.830078
1618735680,22317.132812
1618735740,22312.308594
1618735800,22241.808594
1618735860,22198.851562
1618735920,22301.382812
1618735980,22298.097656
1618736040,22295.554688
1618736100,22190.140625
1618736160,22283.625000
1618736220,22295.218750
1618736280,22182.031250
1618736340,22179.349609
1618736400,22289.386719
1618736460,22232.759766
1618736520,22163.468750
1618736580,22118.500000
1618736640,22121.917969
1618736700,22160.855469
1618736760,22173.722656
1618736820,22222.707031
1618736880,22226.125000
1618736940,22165.210938
1618737000,22109.050781
1618737060,22179.753906
1618737120,22248.375000
1618737180,22174.591797
1618737240,22174.591797
1618737300,22132.238281
1618737360,22179.417969
1618737420,22240.937500
1618737480,22169.097656
1618737540,22157.773438
1618737600,22105.566406
1618737660,22078.160156
1618737720,22078.761719
1618737780,22018.984375
1618737840,21913.236328
1618737900,22002.230469
1618737960,22033.392578
1618738020,21988.492188
1618738080,22041.033203
1618738140,21965.105469
1618738200,21914.441406
1618738260,21869.878906
1618738320,21945.335938
1618738380,22027.160156
1618738440,22114.951172
1618738500,22107.578125
1618738560,22068.441406
1618738620,22081.708984
1618738680,22075.208984
1618738740,22087.943359
1618738800,22069.648438
1618738860,22097.390625
1618738920,22078.492188
1618738980,22020.054688
1618739040,21981.925781
1618739100,21941.380859
1618739160,22000.355469
1618739220,21942.121094
1618739280,21914.375000
1618739340,21916.789062
1618739400,21836.437500
1618739460,21873.630859
1618739520,21899.765625
1618739580,21964.769531
1618739640,21961.082031
1618739700,21976.630859
1618739760,22053.564453
1618739820,22043.847656
1618739880,22080.906250
1618739940,22059.664062
1618740000,22019.187500
1618740060,21973.617188
1618740120,21960.882812
1618740180,21961.552734
1618740240,21998.949219
1618740300,22089.214844
1618740360,22084.792969
1618740420,22108.449219
1618740480,22125.001953
1618740540,22106.238281
1618740600,22130.964844
1618740660,22172.917969
1618740720,22157.167969
1618740780,22165.878906
1618740840,22193.492188
1618740900,22153.281250
1618740960,22154.689453
1618741020,22158.978516
1618741080,22154.689453
1618741140,22178.078125
1618741200,22161.324219
1618741260,22083.117188
1618741320,22129.558594
1618741380,22088.078125
1618741440,22101.279297
1618741500,22061.136719
1618741560,22056.980469
1618741620,22106.839844
1618741680,22109.121094
1618741740,22076.550781
1618741800,22087.070312
1618741860,22134.855469
1618741920,22116.958984
1618741980,22117.832031
1618742040,22164.003906
1618742100,22163.132812
1618742160,22163.132812
1618742220,22153.148438
1618742280,22113.876953
1618742340,22097.527344
1618742400,22139.410156
1618742460,22146.111328
1618742520,22168.025391
1618742580,22189.132812
1618742640,22170.169922
1618742700,22215.804688
1618742760,22224.250000
1618742820,22231.689453
1618742880,22228.742188
1618742940,22219.089844
1618743000,22203.410156
1618743060,22194.697266
1618743120,22175.398438
1618743180,22119.707031
1618743240,22109.589844
1618743300,22073.871094
1618743360,22110.726562
1618743420,22048.335938
1618743480,22053.898438
1618743540,22065.291016
1618743600,22042.841797
1618743660,22093.972656
1618743720,22154.421875
1618743780,22159.582031
1618743840,22191.679688
1618743900,22206.492188
1618743960,22172.046875
1618744020,22133.914062
1618744080,22130.628906
1618744140,22100.339844
1618744200,22088.613281
1618744260,22059.929688
1618744320,22077.691406
1618744380,22073.066406
1618744440,22048.941406
1618744500,22079.431641
1618744560,22117.294922
1618744620,22138.873047
1618744680,22116.156250
1618744740,22106.505859
1618744800,22143.699219
1618744860,22140.214844
1618744920,22139.677734
1618744980,22119.373047
1618745040,22072.664062
1618745100,22068.039062
1618745160,22039.826172
1618745220,22018.314453
1618745280,21986.548828
1618745340,21951.968750
1618745400,21980.855469
1618745460,21954.515625
1618745520,21915.044922
1618745580,21871.486328
1618745640,21865.722656
1618745700,21770.226562
1618745760,21807.285156
1618745820,21745.429688
1618745880,21730.621094
1618745940,21702.140625
1618746000,21722.847656
1618746060,21707.904297
1618746120,21654.960938
1618746180,21651.677734
1618746240,21638.476562
1618746300,21700.867188
1618746360,21728.744141
1618746420,21751.865234
1618746480,21689.742188
1618746540,21669.570312
1618746600,21712.460938
1618746660,21711.121094
1618746720,21651.945312
1618746780,21599.136719
1618746840,21574.542969
1618746900,21584.730469
1618746960,21585.402344
1618747020,21681.902344
1618747080,21659.787109
1618747140,21619.644531
1618747200,21706.093750
1618747260,21741.945312
1618747320,21817.335938
1618747380,21841.062500
1618747440,21831.210938
1618747500,21810.167969
1618747560,21776.392578
1618747620,21859.625000
1618747680,21892.126953
1618747740,21849.437500
1618747800,21834.425781
1618747860,21799.312500
1618747920,21800.250000
1618747980,21775.921875
1618748040,21758.902344
1618748100,21776.056641
1618748160,21806.011719
1618748220,21831.410156
1618748280,21813.785156
1618748340,21606.041016
1618748400,21647.187500
1618748460,21697.316406
1618748520,21785.439453
1618748580,21761.582031
1618748640,21812.511719
1618748700,21838.984375
1618748760,21806.011719
1618748820,21858.216797
1618748880,21876.781250
1618748940,21859.421875
1618749000,21767.613281
1618749060,21793.414062
1618749120,21882.474609
1618749180,21912.296875
1618749240,21912.097656
1618749300,21921.949219
1618749360,21935.417969
1618749420,21922.820312
1618749480,21925.902344
1618749540,21929.988281
1618749600,21985.679688
1618749660,21945.537109
1618749720,21944.261719
1618749780,21943.326172
1618749840,21932.667969
1618749900,21957.800781
1618749960,21938.298828
1618750020,21955.523438
1618750080,21936.289062
1618750140,21947.882812
1618750200,21908.142578
1618750260,21949.757812
1618750320,21930.056641
1618750380,21913.773438
1618750440,21925.902344
1618750500,21909.953125
1618750560,21923.019531
1618750620,21933.339844
1618750680,21933.339844
1618750740,21949.625000
1618750800,21888.843750
1618750860,21919.736328
1618750920,21899.230469
1618750980,21832.683594
1618751040,21871.285156
1618751100,21914.171875
1618751160,21861.769531
1618751220,21891.187500
1618751280,21896.011719
1618751340,21944.062500
1618751400,21966.847656
1618751460,22006.988281
1618751520,22036.609375
1618751580,22040.496094
1618751640,22072.865234
1618751700,22088.410156
1618751760,22056.781250
1618751820,22078.628906
1618751880,22038.886719
1618751940,22040.699219
1618752000,22003.371094
1618752060,22021.798828
1618752120,22017.308594
1618752180,21990.705078
1618752240,22025.351562
1618752300,22020.794922
1618752360,22024.679688
1618752420,22059.595703
1618752480,22031.986328
1618752540,22027.429688
1618752600,22051.085938
1618752660,22064.152344
1618752720,22057.853516
1618752780,22086.468750
1618752840,22065.023438
1618752900,22038.687500
1618752960,22013.623047
1618753020,22027.228516
1618753080,22034.398438
1618753140,22004.777344
1618753200,21990.035156
1618753260,21984.273438
1618753320,21977.570312
1618753380,21984.605469
1618753440,21977.835938
1618753500,22021.062500
1618753560,21995.328125
1618753620,22031.650391
1618753680,22049.341797
1618753740,22036.472656
1618753800,22048.203125
1618753860,22073.398438
1618753920,22092.968750
1618753980,22058.859375
1618754040,22047.263672
1618754100,22039.023438
1618754160,22035.671875
1618754220,22009.000000
1618754280,22027.763672
1618754340,22043.847656
1618754400,22052.222656
1618754460,22067.570312
1618754520,22070.384766
1618754580,22056.914062
1618754640,22071.589844
1618754700,22073.667969
1618754760,22093.705078
1618754820,22075.140625
1618754880,22061.875000
1618754940,22051.621094
1618755000,22038.621094
1618755060,22086.667969
1618755120,22089.214844
1618755180,22107.578125
1618755240,22142.359375
1618755300,22102.550781
1618755360,22060.734375
1618755420,22110.660156
1618755480,22109.722656
1618755540,22101.546875
1618755600,22113.609375
1618755660,22115.552734
1618755720,22105.500000
1618755780,22127.617188
1618755840,22123.794922
1618755900,22155.025391
1618755960,22215.335938
1618756020,22232.023438
1618756080,22236.781250
1618756140,22247.636719
1618756200,22216.611328
1618756260,22217.882812
1618756320,22225.324219
1618756380,22191.414062
1618756440,22174.191406
1618756500,22196.507812
1618756560,22199.187500
1618756620,22205.017578
1618756680,22220.296875
1618756740,22239.796875
1618756800,22230.214844
1618756860,22200.259766
1618756920,22204.816406
1618756980,22205.820312
1618757040,22220.898438
1618757100,22201.464844
1618757160,22193.625000
1618757220,22208.099609
1618757280,22219.156250
1618757340,22216.542969
1618757400,22189.804688
1618757460,22145.507812
1618757520,22174.660156
1618757580,22162.261719
1618757640,22127.212891
1618757700,22133.980469
1618757760,22079.097656
1618757820,22095.515625
1618757880,22105.097656
1618757940,22125.804688
1618758000,22099.605469
1618758060,22070.318359
1618758120,22074.003906
1618758180,22068.976562
1618758240,22097.861328
1618758300,22077.691406
1618758360,22095.046875
1618758420,22106.304688
1618758480,22096.720703
1618758540,22124.332031
1618758600,22149.865234
1618758660,22154.554688
1618758720,22143.966797
1618758780,22134.652344
1618758840,22136.529297
1618758900,22163.535156
1618758960,22202.941406
1618759020,22222.039062
1618759080,22218.755859
1618759140,22208.636719
1618759200,22224.181641
1618759260,22224.921875
1618759320,22229.140625
1618759380,22249.113281
1618759440,22269.015625
1618759500,22252.730469
1618759560,22249.046875
1618759620,22241.742188
1618759680,22237.517578
1618759740,22247.103516
1618759800,22230.011719
1618759860,22198.382812
1618759920,22181.361328
1618759980,22212.320312
1618760040,22220.964844
1618760100,22182.367188
1618760160,22140.414062
1618760220,22145.574219
1618760280,22118.500000
1618760340,22079.765625
1618760400,22107.710938
1618760460,22141.017578
1618760520,22150.466797
1618760580,22156.902344
1618760640,22155.359375
1618760700,22115.015625
1618760760,22102.619141
1618760820,22144.300781
1618760880,22128.152344
1618760940,22168.359375
1618761000,22181.292969
1618761060,22201.128906
1618761120,22218.689453
1618761180,22212.722656
1618761240,22230.683594
1618761300,22194.832031
1618761360,22216.812500
1618761420,22256.148438
1618761480,22251.994141
1618761540,22236.916016
1618761600,22273.974609
1618761660,22252.398438
1618761720,22272.031250
1618761780,22270.757812
1618761840,22229.947266
1618761900,22253.804688
1618761960,22247.238281
1618762020,22282.285156
1618762080,22319.947266
1618762140,22317.468750
1618762200,22320.080078
1618762260,22335.292969
1618762320,22328.859375
1618762380,22301.919922
1618762440,22317.066406
1618762500,22293.476562
1618762560,22302.390625
1618762620,22345.078125
1618762680,22362.568359
1618762740,22409.814453
1618762800,22405.121094
1618762860,22431.056641
1618762920,22437.087891
1618762980,22459.539062
1618763040,22473.343750
1621423860,22445.265625
1621423920,22357.794922
1621423980,22985.396484
1621424040,23230.203125
1621424100,23274.218750
1621424160,23383.554688
1621424220,23511.957031
1621424280,23538.757812
1621424340,23574.140625
1621424400,23536.572266
1621424460,23453.195312
1621424520,23520.480469
1621424580,23557.824219
1621424640,23505.957031
1621424700,23296.029297
1621424760,23405.310547
1621424820,23362.976562
1621424880,23214.164062
1621424940,23216.857422
1621425000,23370.603516
1621425060,23412.880859
1621425120,23599.652344
1621425180,23594.605469
1621425240,23713.812500
1621425300,23745.269531
1621425360,23772.181641
1621425420,23655.947266
1621425480,23724.351562
1621425540,23684.824219
1621425600,23680.113281
1621425660,23686.169922
1621425720,23756.820312
1621425780,23867.279297
1621425840,23906.417969
1621425900,23895.369141
1621425960,23912.863281
1621426020,23871.427734
1621426080,23857.296875
1621426140,23802.796875
1621426200,23713.812500
1621426260,23648.882812
1621426320,23610.642578
1621426380,23649.105469
1621426440,23713.306641
1621426500,23577.390625
1621426560,23624.548828
1621426620,23498.445312
1621426680,23542.572266
1621426740,23509.042969
1621426800,23533.937500
1621426860,23472.933594
1621426920,23354.398438
1621426980,23364.882812
1621427040,23326.531250
1621427100,23199.585938
1621427160,23176.429688
1621427220,23172.728516
1621427280,23222.240234
1621427340,23270.236328
1621427400,23060.755859
1621427460,23058.121094
1621427520,22891.589844
1621427580,22758.421875
1621427640,22777.318359
1621427700,22919.738281
1621427760,22901.179688
1621427820,22955.398438
1621427880,22842.751953
1621427940,22756.908203
1621428000,22797.222656
1621428060,22609.105469
1621428120,22373.550781
1621428180,22314.734375
1621428240,22030.173828
1621428300,22685.363281
1621428360,22625.703125
1621428420,22438.371094
1621428480,21908.554688
1621428540,21614.968750
1621428600,21050.222656
1621428660,20809.062500
1621428720,20547.269531
1621428780,19703.730469
1621428840,19662.427734
1621428900,20399.015625
1621428960,20715.578125
1621429020,21242.429688
1621429080,21747.863281
1621429140,22175.658203
1621429200,21486.044922
1621429260,21280.933594
1621429320,21173.617188
1621429380,20838.921875
1621429440,21164.375000
1621429500,20686.453125
1621429560,20797.902344
1621429620,20458.660156
1621429680,19619.375000
1621429740,19095.322266
1621429800,19486.714844
1621429860,20669.164062
1621429920,20017.980469
1621429980,20356.875000
1621430040,20512.562500
1621430100,20699.406250
1621430160,21080.509766
1621430220,21430.322266
1621430280,21954.794922
1621430340,22525.681641
1621430400,22587.285156
1621430460,21013.027344
1621430520,22027.109375
1621430580,21670.789062
1621430640,21971.806641
1621430700,22184.339844
1621430760,22696.074219
1621430820,22786.728516
1621430880,22595.896484
1621430940,22066.382812
1621431000,22304.328125
1621431060,22484.169922
1621431120,23097.900391
1621431180,23379.037109
1621431240,23302.732422
1621431300,22768.595703
1621431360,22769.437500
1621431420,23038.816406
1621431480,23119.458984
1621431540,23364.054688
1621431600,23352.785156
1621431660,23674.246094
1621431720,23514.425781
1621431780,23648.486328
1621431840,23545.998047
1621431900,23119.740234
1621431960,22175.240234
1621432020,22769.578125
1621432080,22324.980469
1621432140,22419.414062
1621432200,22586.097656
1621432260,22651.201172
1621432320,22934.087891
1621432380,23239.308594
1621432440,23415.019531
1621432500,23244.000000
1621432560,23097.900391
1621432620,22923.308594
1621432680,23018.093750
1621432740,23075.287109
1621432800,22797.509766
1621432860,22482.419922
1621432920,22548.642578
1621432980,22270.796875
1621433040,22017.308594
1621433100,21682.408203
1621433160,22277.376953
1621433220,22321.550781
1621433280,22498.519531
1621433340,22671.431641
1621433400,22513.851562
1621433460,22331.628906
1621433520,22397.085938
1621433580,22305.027344
1621433640,22575.666016
1621433700,22478.289062
1621433760,22752.216797
1621433820,22559.703125
1621433880,22677.869141
1621433940,22764.328125
1621434000,22870.664062
1621434060,22923.517578
1621434120,23162.234375
1621434180,23170.773438
1621434240,23220.898438
1621434300,23033.074219
1621434360,22997.443359
1621434420,23049.455078
1621434480,23043.363281
1621434540,22972.310547
1621434600,22966.640625
1621434660,23025.863281
1621434720,22992.263672
1621434780,22911.267578
1621434840,22839.443359
1621434900,22610.457031
1621434960,22553.751953
1621435020,22541.013672
1621435080,22722.746094
1621435140,22687.251953
1621435200,22562.015625
1621435260,22449.587891
1621435320,22180.769531
1621435380,22282.906250
1621435440,22304.398438
1621435500,22752.498047
1621435560,22893.275391
1621435620,22640.349609
1621435680,22909.587891
1621435740,22958.660156
1621435800,23087.398438
1621435860,23043.296875
1621435920,23021.666016
1621435980,22992.121094
1621436040,23059.048828
1621436100,23097.687500
1621436160,23220.267578
1621436220,23544.177734
1621436280,23556.988281
1621436340,23908.691406
1621436400,23646.384766
1621436460,23552.160156
1621436520,23504.906250
1621436580,23331.714844
1621436640,23430.208984
1621436700,23364.476562
1621436760,23468.781250
1621436820,23788.003906
1621436880,23749.501953
1621436940,23926.121094
1621437000,24169.667969
1621437060,23873.619141
1621437120,23933.892578
1621437180,24086.291016
1621437240,24239.531250
1621437300,24279.013672
1621437360,24180.238281
1621437420,24301.765625
1621437480,24490.218750
1621437540,24723.542969
1621437600,24671.740234
1621437660,24407.052734
1621437720,24487.978516
1621437780,24390.742188
1621437840,24157.417969
1621437900,24057.449219
1621437960,24080.341797
1621438020,24049.261719
1621438080,23817.966797
1621438140,24056.259766
1621438200,23941.453125
1621438260,24039.318359
1621438320,24203.689453
1621438380,24242.472656
1621438440,24333.478516
1621438500,24440.443359
1621438560,24288.746094
1621438620,24449.546875
1621438680,24410.904297
1621438740,24410.343750
1621438800,24338.728516
1621438860,24464.388672
1621438920,24659.558594
1621438980,24630.507812
1621439040,24738.666016
1621439100,24628.058594
1621439160,24686.019531
1621439220,24729.564453
1621439280,24705.832031
1621439340,24831.142578
1621439400,24899.746094
1621439460,24791.587891
1621439520,24699.039062
1621439580,24706.812500
1621439640,24606.285156
1621439700,24690.220703
1621439760,24820.640625
1621439820,24938.457031
1621439880,24985.708984
1621439940,24817.839844
1621440000,24637.787109
1621440060,24664.880859
1621440120,24385.632812
1621440180,24547.904297
1621440240,24740.345703
1621440300,24830.580078
1621440360,24554.271484
1621440420,24512.619141
1621440480,24609.365234
1621440540,24504.080078
1621440600,24398.861328
1621440660,24294.275391
1621440720,24131.025391
1621440780,24050.871094
1621440840,24076.492188
1621440900,24304.425781
1621440960,24267.603516
1621441020,24261.306641
1621441080,24376.742188
1621441140,24315.207031
1621441200,24307.507812
1621441260,24257.314453
1621441320,24413.144531
1621441380,24529.630859
1621441440,24379.679688
1621441500,24296.865234
1621441560,24366.382812
1621441620,24306.527344
1621441680,24416.714844
1621441740,24428.683594
1621441800,24682.382812
1621441860,24690.642578
1621441920,24715.564453
1621441980,24831.490234
1621442040,25027.431641
1621442100,24867.332031
1621442160,25027.224609
1621442220,25082.316406
1621442280,25157.361328
1621442340,25219.595703
1621442400,25281.339844
1621442460,25479.521484
1621442520,25600.980469
1621471440,25568.996094
1621471500,25793.861328
1621471560,26078.125000
1621471620,25874.560547
1621471680,25788.359375
1621471740,25598.515625
1621471800,25539.691406
1621471860,25352.564453
1621471920,25324.472656
1621471980,25166.939453
1621472040,25357.281250
1621472100,25546.410156
1621472160,25209.539062
1621472220,25095.248047
1621472280,25503.951172
1621472340,25546.121094
1621472400,26077.767578
1621472460,25948.537109
1621472520,26057.253906
1621472580,25919.517578
1621472640,26000.214844
1621472700,25727.960938
1621472760,26117.935547
1621472820,25986.205078
1621472880,25791.574219
1621472940,25685.931641
1621473000,25428.542969
1621473060,25218.042969
1621473120,25235.269531
1621473180,25494.587891
1621473240,25633.324219
1621473300,25787.427734
1621473360,25818.808594
1621473420,25855.617188
1621473480,25824.453125
1621473540,26009.935547
1621473600,26197.492188
1621473660,26009.792969
1621473720,26030.591797
1621473780,26126.798828
1621473840,26077.125000
1621473900,26040.742188
1621473960,26282.476562
1621474020,26463.455078
1621474080,26584.822266
1621474140,26346.519531
1621474200,26412.494141
1621474260,26276.687500
1621474320,26011.007812
1621474380,26089.417969
1621474440,26085.128906
1621474500,26165.253906
1621474560,26065.044922
1621474620,26057.394531
1621474680,25979.058594
1621474740,26053.537109
1621474800,25947.179688
1621474860,26023.587891
1621474920,26035.455078
1621474980,25983.773438
1621475040,26057.181641
1621475100,25964.833984
1621475160,26165.541016
1621475220,26255.529297
1621475280,26012.152344
1621475340,25965.835938
1621475400,25959.330078
1621475460,25994.925781
1621475520,25981.558594
1621475580,26062.042969
1621475640,25950.394531
1621475700,26182.550781
1621475760,26240.234375
1621475820,26289.054688
1621475880,26313.068359
1621475940,26315.000000
1621476000,26342.089844
1621476060,26450.589844
1621476120,26493.619141
1621476180,26420.712891
1621476240,26452.447266
1621476300,26580.179688
1621476360,26567.669922
1621476420,26882.382812
1621476480,26726.849609
1621476540,26747.863281
1621476600,26860.582031
1621476660,26914.546875
1621476720,26920.050781
1621476780,26971.085938
1621476840,27041.917969
1621476900,26937.775391
1621476960,26834.777344
1621477020,26797.681641
1621477080,26870.085938
1621477140,26957.716797
1621477200,26880.093750
1621477260,26815.550781
1621477320,26866.583984
1621477380,26802.828125
1621477440,26823.199219
1621477500,26920.265625
1621477560,26763.228516
1621477620,26891.388672
1621477680,26966.439453
1621477740,26883.310547
1621477800,26943.064453
1621477860,26974.445312
1621477920,26938.132812
1621477980,26851.716797
1621478040,27021.763672
1621478100,27014.757812
1621478160,26953.357422
1621478220,26915.474609
1621478280,26805.259766
1621478340,26804.900391
1621478400,26732.281250
1621478460,26633.429688
1621478520,26646.509766
1621478580,26741.642578
1621478640,26855.435547
1621478700,26931.628906
1621478760,26913.474609
1621478820,27047.707031
1621478880,27023.763672
1621478940,26965.365234
1621479000,26941.777344
1621479060,26958.574219
1621479120,26974.660156
1621479180,26979.876953
1621479240,27123.259766
1621479300,27209.531250
1621479360,27222.181641
1621479420,27246.984375
1621479480,27329.755859
1621479540,27224.828125
1621479600,27279.648438
1621479660,27216.250000
1621479720,27192.089844
1621479780,27278.505859
1621479840,27308.669922
1621479900,27234.904297
1621479960,27221.039062
1621480020,27292.015625
1621480080,27346.337891
1621480140,27302.666016
1621480200,27321.892578
1621480260,27393.796875
1621480320,27377.001953
1621480380,27449.191406
1621480440,27397.085938
1621480500,27292.156250
1621480560,27231.187500
1621480620,27206.529297
1621480680,27201.025391
1621480740,27166.359375
1621480800,27099.099609
1621480860,27072.222656
1621480920,27062.216797
1621480980,27079.945312
1621481040,27115.681641
1621481100,27094.955078
1621481160,27189.230469
1621481220,27231.689453
1621481280,27275.216797
1621481340,27319.462891
1621481400,27193.734375
1621481460,27110.962891
1621481520,27048.564453
1621481580,27064.363281
1621481640,26975.873047
1621481700,27064.505859
1621481760,27007.037109
1621481820,26879.736328
1621481880,26892.103516
1621481940,26906.111328
1621482000,26983.091797
1621482060,26831.488281
1621482120,26901.394531
1621482180,26881.451172
1621482240,26914.402344
1621482300,27050.138672
1621482360,27017.832031
1621482420,27057.644531
1621482480,26980.664062
1621482540,27102.246094
1621482600,27152.919922
1621482660,27222.896484
1621482720,27129.261719
1621482780,27179.794922
1621482840,27169.574219
1621482900,27184.085938
1621482960,27183.656250
1621483020,27050.564453
1621483080,27203.957031
1621483140,27272.716797
1621483200,27238.548828
1621483260,27465.560547
1621483320,27660.621094
1621483380,27741.460938
1621483440,27823.802734
1621483500,27806.718750
1621483560,27764.546875
1621483620,27730.882812
1621483680,27700.791016
1621483740,27922.226562
1621483800,27788.921875
1621483860,27765.263672
1621483920,27828.878906
1621483980,27792.066406
1621484040,27835.810547
1621484100,27941.882812
1621484160,28077.617188
1621484220,27987.984375
1621484280,28027.369141
1621484340,28014.503906
1621484400,27934.376953
1621484460,28063.462891
1621484520,28052.244141
1621484580,28060.460938
1621484640,28022.582031
1621484700,27963.541016
1621484760,28020.078125
1621484820,28070.039062
1621484880,28019.505859
1621484940,28094.054688
1621485000,28040.664062
1621485060,27983.197266
1621485120,27914.505859
1621485180,27898.566406
1621485240,27847.960938
1621485300,27867.187500
1621485360,27803.716797
1621485420,27824.162109
1621485480,27843.386719
1621485540,27758.830078
1621485600,27666.554688
1621485660,27591.003906
1621485720,27605.226562
1621485780,27654.900391
1621485840,27657.546875
1621485900,27760.972656
1621485960,27713.726562
1621486020,27681.277344
1621486080,27739.386719
1621486140,27785.705078
1621486200,27715.798828
1621486260,27698.646484
1621486320,27635.675781
1621486380,27612.517578
1621486440,27687.208984
1621486500,27724.304688
1621486560,27771.480469
1621486620,27898.423828
1621486680,27883.128906
1621486740,27927.515625
1621486800,28013.144531
1621486860,28008.640625
1621486920,28092.056641
1621486980,28073.970703
1621487040,28104.921875
1621487100,28146.949219
1621631880,28111.783203
1621631940,28088.882812
1621632000,28606.380859
1621632060,28788.570312
1621632120,29289.830078
1621632180,29052.187500
1621632240,28869.169922
1621632300,29122.214844
1621632360,29259.769531
1621632420,29454.527344
1621632480,29649.785156
1621632540,29706.240234
1621632600,29599.410156
1621632660,29569.933594
1621632720,29470.597656
1621632780,29449.947266
1621632840,29769.189453
1621632900,29989.177734
1621632960,29989.093750
1621633020,29864.195312
1621633080,30006.748047
1621633140,30000.751953
1621633200,29926.226562
1621633260,29908.160156
1621633320,30039.302734
1621633380,30064.949219
1621633440,30223.488281
1621633500,30073.857422
1621633560,30008.162109
1621633620,30023.234375
1621633680,30023.484375
1621633740,30021.486328
1621633800,29826.808594
1621633860,29923.148438
1621633920,30005.164062
1621633980,30074.441406
1621634040,30346.136719
1621634100,30331.318359
1621634160,30289.099609
1621634220,30324.738281
1621634280,30316.996094
1621634340,30455.298828
1621634400,30293.013672
1621634460,30214.162109
1621634520,30229.816406
1621634580,30174.777344
1621634640,30174.361328
1621634700,30129.478516
1621634760,30114.826172
1621634820,30082.267578
1621634880,30139.138672
1621634940,30043.964844
1621635000,30007.412109
1621635060,30051.208984
1621635120,30183.519531
1621635180,30227.984375
1621635240,30196.093750
1621635300,30071.195312
1621635360,30173.027344
1621635420,30182.019531
1621635480,30349.134766
1621635540,30336.644531
1621635600,30246.466797
1621635660,30165.283203
1621635720,30168.365234
1621635780,30214.078125
1621635840,30188.265625
1621635900,30221.488281
1621635960,30253.210938
1621636020,30296.097656
1621636080,30397.429688
1621636140,30443.392578
1621636200,30428.488281
1621636260,30374.197266
1621636320,30455.964844
1621636380,30775.623047
1621636440,30788.529297
1621636500,30709.843750
1621636560,30648.640625
1621636620,30725.830078
1621636680,30691.441406
1621636740,30641.400391
1621636800,30581.695312
1621636860,30594.269531
1621636920,30532.822266
1621636980,30565.541016
1621637040,30552.388672
1621637100,30597.267578
1621637160,30549.472656
1621637220,30460.294922
1621637280,30436.062500
1621637340,30406.921875
1621637400,30321.326172
1621637460,30271.031250
1621637520,30235.810547
1621637580,30309.751953
1621637640,30217.908203
1621637700,30266.453125
1621637760,30288.849609
1621637820,30247.466797
1621637880,30241.472656
1621637940,30371.949219
1621638000,30179.689453
1621638060,30137.472656
1621638120,30266.203125
1621638180,30287.603516
1621638240,30199.423828
1621638300,30376.529297
1621638360,30455.630859
1621638420,30557.048828
1621638480,30538.982422
1621638540,30528.074219
1621638600,30650.972656
1621638660,30603.429688
1621638720,30568.541016
1621638780,30565.291016
1621638840,30578.449219
1621638900,30716.587891
1621638960,30734.406250
1621639020,30713.173828
1621639080,30684.863281
1621639140,30722.916016
1621639200,30635.154297
1621639260,30635.654297
1621639320,30663.962891
1621639380,30621.664062
1621639440,30636.986328
1621639500,30577.283203
1621639560,30615.669922
1621639620,30583.613281
1621639680,30606.095703
1621639740,30656.632812
1621639800,30763.214844
1621639860,30711.175781
1621639920,30553.968750
1621639980,30570.623047
1621640040,30556.632812
1621640100,30594.353516
1621640160,30555.300781
1621640220,30705.679688
1621640280,30650.722656
1621640340,30677.785156
1621640400,30600.847656
1621640460,30557.380859
1621640520,30574.951172
1621640580,30546.556641
1621640640,30584.943359
1621640700,30578.367188
1621640760,30549.138672
1621640820,30430.236328
1621640880,30397.597656
1621640940,30345.054688
1621641000,30412.333984
1621641060,30452.300781
1621641120,30547.724609
1621641180,30643.228516
1621641240,30674.871094
1621641300,30597.183594
1621641360,30709.259766
1621641420,30731.492188
1621641480,30757.636719
1621641540,30796.855469
1621641600,30843.154297
1621641660,30961.888672
1621641720,30856.140625
1621641780,30793.607422
1621641840,30668.625000
1621641900,30550.720703
1621641960,30641.566406
1621642020,30645.478516
1621642080,30584.277344
1621642140,30511.087891
1621642200,30559.296875
1621642260,30586.109375
1621642320,30561.962891
1621642380,30572.121094
1621642440,30511.585938
1621642500,30439.644531
1621642560,30445.638672
1621642620,30468.371094
1621642680,30480.863281
1621642740,30500.761719
1621642800,30567.039062
1621642860,30608.259766
1621642920,30503.011719
1621642980,30454.630859
1621643040,30552.054688
1621643100,30659.548828
1621643160,30643.898438
1621643220,30634.654297
1621643280,30560.548828
1621643340,30463.541016
1621643400,30568.375000
1621643460,30660.632812
1621643520,30699.935547
1621643580,30635.488281
1621643640,30586.359375
1621643700,30562.712891
1621643760,30529.822266
1621643820,30486.189453
1621643880,30538.732422
1621643940,30536.818359
1621644000,30625.744141
1621644060,30661.880859
1621644120,30692.355469
1621644180,30597.433594
1621644240,30660.298828
1621644300,30705.763672
1621644360,30745.732422
1621644420,30816.339844
1621644480,30835.408203
1621644540,30838.406250
1621644600,30888.615234
1621644660,30900.103516
1621644720,30879.787109
1621644780,30909.263672
1621644840,30860.386719
1621644900,30865.630859
1621644960,30879.703125
1621645020,30929.166016
1621645080,31065.888672
1621645140,30935.244141
1621645200,30879.703125
1621645260,30850.476562
1621645320,30835.572266
1621645380,30823.333984
1621645440,30848.728516
1621645500,30778.621094
1621645560,30768.044922
1621645620,30786.447266
1621645680,30809.927734
1621645740,30868.296875
1621645800,30839.322266
1621645860,30795.605469
1621645920,30753.224609
1621645980,30669.125000
1621646040,30658.382812
1621646100,30661.964844
1621646160,30718.503906
1621646220,30705.263672
1621646280,30776.289062
1621646340,30759.966797
1621646400,30766.712891
1621646460,30838.488281
1621646520,30892.861328
1621646580,30975.542969
1621646640,31020.757812
1621646700,31008.269531
1621646760,30967.800781
1621646820,30948.732422
1621646880,31007.685547
1621646940,31110.517578
1621647000,31056.392578
1621647060,31029.500000
1621647120,31038.576172
1621647180,31047.404297
1621647240,31054.394531
1621647300,31170.800781
1621647360,31128.003906
1621647420,31169.136719
1621647480,31186.957031
1621647540,31148.904297
1621647600,31117.845703
1621647660,31096.195312
1621647720,31084.205078
1621647780,31095.197266
1621647840,31136.748047
1621647900,31059.392578
1621647960,31036.744141
1621648020,31032.082031
1621648080,30985.369141
1621648140,30965.134766
1621648200,30966.384766
1621648260,30915.091797
1621648320,30931.412109
1621648380,30931.996094
1621648440,30934.412109
1621648500,30966.714844
1621648560,30921.671875
1621648620,30884.285156
1621648680,30917.757812
1621648740,30923.669922
1621648800,31005.185547
1621648860,30913.677734
1621648920,30897.107422
1621648980,30953.728516
1621649040,30989.449219
1621649100,30925.001953
1621649160,30977.291016
1621649220,30949.984375
1621649280,30996.943359
1621649340,31079.542969
1621649400,31108.435547
1621649460,31046.070312
1621649520,31129.585938
1621649580,31062.138672
1621649640,31068.800781
1621649700,30990.115234
1621649760,31031.832031
1621649820,31162.640625
1621649880,31192.451172
1621649940,31166.388672
1621650000,31077.292969
1621650060,31048.568359
1621650120,31145.408203
1621650180,31181.458984
1621650240,31105.273438
1621650300,31039.160156
1621650360,31074.546875
1621650420,31042.990234
1621650480,31081.125000
1621650540,31064.718750
1621650600,30976.708984
1621650660,30952.062500
1621650720,30937.242188
1621650780,30885.367188
1621650840,30905.017578
1621650900,30901.019531
1621650960,30852.060547
1621651020,30801.185547
1621651080,30697.937500
1621651140,30629.824219
1621651200,30591.521484
1621651260,30647.560547
1621651320,30551.970703
1621651380,30581.447266
1621651440,30555.884766
1621651500,30692.439453
1621651560,30713.757812
1621651620,30722.666016
1621651680,30705.429688
1621651740,30630.908203
1621651800,30523.078125
1621651860,30482.359375
1621651920,30434.734375
1621651980,30480.779297
1621652040,30564.210938
1621652100,30488.355469
1621652160,30524.994141
1621652220,30527.824219
1621652280,30434.816406
1621652340,30475.781250
1621652400,30546.474609
1621652460,30474.951172
1621652520,30480.279297
1621652580,30530.156250
1621652640,30541.894531
1621652700,30622.580078
1621652760,30529.822266
1621652820,30587.941406
1621652880,30613.837891
1621652940,30629.658203
1621653000,30640.400391
1621653060,30647.142578
1621653120,30557.298828
1621653180,30555.300781
1621653240,30421.660156
1621653300,30351.382812
1621653360,30291.933594
1621653420,30209.832031
1621653480,30103.917969
1621653540,30032.056641
1621653600,30089.679688
1621653660,30224.154297
1621653720,30136.640625
1621653780,30198.175781
1621653840,30220.240234
1621653900,30302.837891
1621653960,30164.201172
1621654020,30062.451172
1621654080,30065.697266
1621654140,30207.333984
1621654200,30231.816406
1621654260,30233.644531
1621654320,30246.218750
1621654380,30127.732422
1621654440,30154.210938
1621654500,30140.138672
1621654560,30096.589844
1621654620,30022.734375
1621654680,29938.966797
1621654740,29939.050781
1621654800,29855.285156
1621654860,29824.560547
1621654920,29919.984375
1621654980,29876.767578
1621655040,29776.181641
1621655100,29984.017578
1621655160,29950.291016
1621655220,29986.015625
1621655280,29975.189453
1621655340,30019.322266
1621655400,30014.240234
1621655460,29847.707031
1621655520,29791.419922
1621655580,29877.601562
1621655640,29769.769531
1621655700,29923.062500
1621655760,29942.962891
1621655820,29890.671875
1621655880,29954.539062
1621655940,29955.955078
1621656000,30084.349609
1621656060,30091.177734
1621656120,30082.601562
1621656180,29957.285156
1621656240,29863.695312
1621656300,29864.529297
1621656360,30046.628906
1621656420,30004.750000
1621656480,30047.712891
1621656540,29985.263672
1621656600,30007.412109
1621656660,30001.917969
1621656720,30006.580078
1621656780,30021.236328
1621656840,30057.953125
1621656900,30000.251953
1621656960,29999.669922
1621657020,30015.242188
1621657080,29961.783203
1621657140,29890.507812
1621657200,29877.101562
1621657260,29760.113281
1621657320,29616.810547
1621657380,29570.599609
1621657440,29501.322266
1621657500,29564.853516
1621657560,29464.769531
1621657620,29441.121094
1621657680,29437.207031
1621657740,29458.191406
1621657800,29370.177734
1621657860,29386.500000
1621657920,29515.560547
1621657980,29382.751953
1621658040,29311.226562
1621658100,29321.552734
1621658160,29361.935547
1621658220,29294.324219
1621658280,29357.191406
1621658340,29324.216797
1621658400,29371.677734
1621658460,29366.765625
1621658520,29373.261719
1621658580,29425.716797
1621658640,29340.037109
1621658700,29176.751953
1621658760,29130.541016
1621658820,29197.820312
1621658880,29201.400391
1621658940,29104.810547
1621659000,28979.080078
1621659060,29137.951172
1621659120,29186.496094
1621659180,29228.792969
1621659240,29168.425781
1621659300,29345.697266
1621659360,29370.761719
1621659420,29390.414062
1621659480,29421.552734
1621659540,29429.546875
1621659600,29509.234375
1621659660,29525.886719
1621659720,29514.810547
1621659780,29509.816406
1621659840,29429.880859
1621659900,29265.515625
1621659960,29115.218750
1621660020,29135.703125
1621660080,29222.796875
1621660140,29265.931641
1621660200,29196.820312
1621660260,29082.498047
1621660320,29089.656250
1621660380,29023.126953
1621660440,29198.736328
1621660500,29078.000000
1621660560,29053.021484
1621660620,29137.533203
1621660680,29066.425781
1621660740,28994.818359
1621660800,29071.089844
1621660860,28905.472656
1621660920,28920.958984
1621660980,28911.968750
1621661040,28873.582031
1621661100,28750.349609
1621661160,28870.917969
1621661220,28877.496094
1621661280,28674.494141
1621661340,28660.753906
1621661400,28633.277344
1621661460,28567.248047
1621661520,28633.941406
1621661580,28770.250000
1621661640,28797.392578
1621661700,28918.960938
1621661760,28917.046875
1621661820,28863.925781
1621661880,28739.023438
1621661940,28882.324219
1621662000,28802.638672
1621662060,28715.542969
1621662120,28709.132812
1621662180,28764.005859
1621662240,28842.025391
1621662300,29043.693359
1621662360,29014.632812
1621662420,29256.603516
1621662480,29213.640625
1621662540,29191.074219
1621662600,29145.359375
1621662660,29139.199219
1621662720,29192.824219
1621662780,29186.662109
1621662840,29195.238281
1621662900,29095.818359
1621662960,29036.451172
1621663020,29160.931641
1621663080,29051.023438
1621663140,29149.523438
1621663200,29173.339844
1621663260,29221.132812
1621663320,29122.462891
1621663380,29053.683594
1621663440,29084.162109
1621663500,29097.482422
1621663560,29005.640625
1621663620,29004.640625
1621663680,28953.351562
1621663740,28925.955078
1621663800,28975.083984
1621663860,28933.199219
1621663920,28937.279297
1621663980,28901.890625
1621664040,28863.841797
1621664100,29028.289062
1621664160,29107.890625
1621664220,29047.689453
1621664280,29008.054688
1621664340,29043.277344
1621664400,29048.439453
1621664460,28966.839844
1621664520,29066.093750
1621664580,29082.248047
1621664640,28982.160156
1621664700,28867.087891
1621664760,28761.339844
1621664820,28739.689453
1621664880,28726.451172
1621664940,28769.833984
1621665000,28856.677734
1621665060,28958.929688
1621665120,28896.312500
1621665180,28841.109375
1621665240,28721.787109
1621665300,28956.847656
1621665360,29000.144531
1621665420,29002.976562
1621665480,29012.968750
1621665540,28973.585938
1621665600,28919.710938
1621665660,28877.996094
1621665720,28891.070312
1621665780,28856.345703
1621665840,28886.572266
1621665900,28986.408203
1621665960,28979.828125
1621666020,29105.974609
1621666080,29098.902344
1621666140,29135.285156
1621666200,29110.890625
1621666260,29236.705078
1621666320,29201.650391
1621666380,29168.593750
1621666440,29215.972656
1621666500,29161.349609
1621666560,29158.017578
1621666620,29130.955078
1621666680,29170.923828
1621666740,29289.830078
1621666800,29211.890625
1621666860,29219.884766
1621666920,29128.042969
1621666980,29091.654297
1621667040,29159.517578
1621667100,29072.587891
1621667160,29137.533203
1621667220,29064.927734
1621667280,29093.236328
1621667340,29110.970703
1621667400,29150.023438
1621667460,29148.775391
1621667520,29037.781250
1621667580,28942.109375
1621667640,28906.720703
1621667700,28906.886719
1621667760,28820.292969
1621667820,28771.164062
1621667880,28803.388672
1621667940,28811.298828
1621668000,28773.998047
1621668060,28885.906250
1621668120,28907.220703
1621668180,28907.722656
1621668240,28986.324219
1621668300,28968.503906
1621668360,28973.585938
1621668420,29094.488281
1621668480,29100.816406
1621668540,29059.515625
1621668600,29069.589844
1621668660,29133.703125
1621668720,29145.277344
1621668780,29049.937500
1621668840,28988.656250
1621668900,28892.734375
1621668960,28951.019531
1621669020,28918.710938
1621669080,28871.667969
1621669140,28894.566406
1621669200,28921.542969
1621669260,29054.851562
1621669320,29116.216797
1621669380,29157.185547
1621669440,29166.843750
1621669500,29080.416016
1621669560,29143.113281
1621669620,29108.390625
1621669680,29138.451172
1621669740,29225.462891
1621669800,29188.910156
1621669860,29231.291016
1621669920,29255.107422
1621669980,29270.591797
1621670040,29308.228516
1621670100,29244.363281
1621670160,29323.716797
1621670220,29269.595703
1621670280,29204.562500
1621670340,29278.003906
1621670400,29298.738281
1621670460,29473.261719
1621670520,29538.126953
1621670580,29597.244141
1621670640,29611.900391
1621670700,29686.089844
1621670760,29621.642578
1621670820,29734.548828
1621670880,29840.214844
1621670940,29823.226562
1621671000,29788.589844
1621671060,29917.568359
1621671120,29883.763672
1621671180,29878.683594
1621671240,29943.212891
1621671300,30012.158203
1621671360,30067.945312
1621671420,30047.546875
1621671480,30041.468750
1621671540,30049.544922
1621671600,29956.037109
1621671660,29987.929688
1621671720,30006.830078
1621671780,29932.554688
1621671840,29936.718750
1621671900,29882.179688
1621671960,29831.220703
1621672020,29865.777344
1621672080,29904.498047
1621672140,29881.849609
1621672200,29894.005859
1621672260,29869.689453
1621672320,29893.253906
1621672380,29942.628906
1621672440,29956.037109
1621672500,29941.966797
1621672560,29905.328125
1621672620,29969.775391
1621672680,30018.236328
1621672740,29996.505859
1621672800,30082.685547
1621672860,30251.714844
1621672920,30236.058594
1621672980,30268.949219
1621673040,30214.496094
1621673100,30157.957031
1621673160,30151.294922
1621673220,30202.255859
1621673280,30257.708984
1621673340,30205.751953
1621673400,30185.351562
1621673460,30185.601562
1621673520,30161.369141
1621673580,30229.150391
1621673640,30176.775391
1621673700,30161.453125
1621673760,30118.740234
1621673820,30160.039062
1621673880,30122.570312
1621673940,30095.007812
1621674000,30072.525391
1621674060,30072.775391
1621674120,30059.621094
1621674180,30098.589844
1621674240,30118.322266
1621674300,30103.335938
1621674360,30109.496094
1621674420,30064.283203
1621674480,30002.750000
1621674540,29989.845703
1621674600,29926.976562
1621674660,29941.632812
1621674720,29845.292969
1621674780,29886.427734
1621674840,29907.994141
1621674900,29594.498047
1621674960,29622.890625
1621675020,29591.000000
1621675080,29538.292969
1621675140,29595.414062
1621675200,29615.482422
1621675260,29615.316406
1621675320,29622.972656
1621675380,29801.328125
1621675440,29982.265625
1621675500,29933.054688
1621675560,29946.628906
1621675620,30022.150391
1621675680,30034.722656
1621675740,29992.923828
1621675800,30095.091797
1621675860,30255.210938
1621675920,30284.355469
1621675980,30271.115234
1621676040,30171.945312
1621676100,30200.257812
1621676160,30280.689453
1621788060,30242.857422
1621788120,30227.992188
1621788180,30192.074219
1621788240,30314.148438
1621788300,30561.228516
1621788360,30707.066406
1621788420,30874.824219
1621788480,30730.939453
1621788540,30865.707031
1621788600,31192.433594
1621788660,31147.183594
1621788720,31348.800781
1621788780,31274.794922
1621788840,31441.031250
1621788900,31564.951172
1621788960,31615.953125
1621789020,31473.802734
1621789080,31492.576172
1621789140,31409.238281
1621789200,31642.972656
1621789260,31852.179688
1621789320,31863.248047
1621789380,32263.978516
1621789440,32371.294922
1621789500,32668.939453
1621789560,32812.500000
1621789620,32828.671875
1621789680,32817.164062
1621789740,32746.417969
1621789800,32472.320312
1621789860,32511.925781
1621789920,32486.099609
1621789980,32458.648438
1621790040,32624.667969
1621790100,32381.822266
1621790160,32381.062500
1621790220,32186.935547
1621790280,32140.384766
1621790340,32327.347656
1621790400,32192.904297
1621790460,32182.052734
1621790520,32126.603516
1621790580,32219.054688
1621790640,32326.371094
1621790700,32395.058594
1621790760,32302.500000
1621790820,32354.150391
1621790880,32374.658203
1621790940,32298.701172
1621791000,32243.470703
1621791060,32141.144531
1621791120,32056.287109
1621791180,32081.353516
1621791240,32066.705078
1621791300,32039.470703
1621791360,32104.468750
1621791420,32136.585938
1621791480,32178.253906
1621791540,32286.113281
1621791600,32432.822266
1621791660,32485.447266
1621791720,32404.826172
1621791780,32329.951172
1621791840,32221.767578
1621791900,32239.453125
1621791960,32293.601562
1621792020,32423.166016
1621792080,32426.851562
1621792140,32311.398438
1621792200,32327.023438
1621792260,32257.468750
1621792320,32190.296875
1621792380,32283.726562
1621792440,32146.785156
1621792500,32192.904297
1621792560,32219.378906
1621792620,32170.986328
1621792680,32055.312500
1621792740,32122.371094
1621792800,31772.533203
1621792860,31497.783203
1621792920,31514.820312
1621792980,31191.675781
1621793040,31256.455078
1621793100,31463.927734
1621793160,31353.900391
1621793220,31380.810547
1621793280,31482.699219
1621793340,31562.892578
1621793400,31722.291016
1621793460,31661.417969
1621793520,31530.228516
1621793580,31693.427734
1621793640,31631.470703
1621793700,31477.492188
1621793760,31682.792969
1621793820,31803.566406
1621793880,31944.523438
1621793940,31964.271484
1621794000,31963.294922
1621794060,32206.792969
1621794120,32255.623047
1621794180,32239.238281
1621794240,32147.656250
1621794300,32252.910156
1621794360,32150.257812
1621794420,32275.806641
1621794480,32168.814453
1621794540,32246.400391
1621794600,32363.699219
1621794660,32301.849609
1621794720,32194.964844
1621794780,32207.226562
1621794840,32172.720703
1621794900,32112.929688
1621794960,32054.769531
1621795020,31973.710938
1621795080,32039.685547
1621795140,31952.767578
1621795200,31941.917969
1621795260,32177.603516
1621795320,32070.937500
1621795380,32047.933594
1621795440,31947.343750
1621795500,31911.208984
1621795560,31947.886719
1621795620,31980.439453
1621795680,31994.328125
1621795740,31989.878906
1621795800,31899.925781
1621795860,31843.500000
1621795920,31940.724609
1621795980,31966.660156
1621796040,31958.845703
1621796100,31937.361328
1621796160,31952.988281
1621796220,32059.109375
1621796280,31952.876953
1621796340,31938.011719
1621796400,31945.173828
1621796460,31852.832031
1621796520,31730.865234
1621796580,31715.240234
1621796640,31718.386719
1621796700,31884.515625
1621796760,31869.107422
1621796820,32085.912109
1621796880,32054.986328
1621796940,31915.660156
1621797000,31866.611328
1621797060,31884.408203
1621797120,32027.859375
1621797180,32143.962891
1621797240,32319.101562
1621797300,32281.339844
1621797360,32406.888672
1621797420,32486.968750
1621797480,32503.677734
1621797540,32625.970703
1621797600,32602.964844
1621797660,32643.550781
1621797720,32686.626953
1621797780,32688.689453
1621797840,32840.601562
1621797900,32927.523438
1621797960,32907.664062
1621798020,32967.562500
1621798080,32881.621094
1621798140,32858.179688
1621798200,32757.703125
1621798260,32801.757812
1621798320,32783.527344
1621798380,32801.109375
1621798440,32765.947266
1621798500,32675.341797
1621798560,32705.507812
1621798620,32651.253906
1621798680,32724.931641
1621798740,32865.343750
1621798800,32729.056641
1621798860,32720.265625
1621798920,32720.158203
1621798980,32686.085938
1621799040,32775.609375
1621799100,32644.957031
1621799160,32611.539062
1621799220,32595.154297
1621799280,32615.228516
1621799340,32598.193359
1621799400,32566.398438
1621799460,32635.953125
1621799520,32724.712891
1621799580,32617.613281
1621799640,32620.328125
1621799700,32661.017578
1621799760,32663.949219
1621799820,32577.791016
1621799880,32706.052734
1621799940,32711.150391
1621800000,32864.910156
1621800060,32965.609375
1621800120,33062.398438
1621800180,33313.820312
1621800240,33437.195312
1621800300,33345.289062
1621800360,33367.531250
1621800420,33429.820312
1621800480,33476.039062
1631027280,33434.210938
1631027340,32951.417969
1631027400,33800.453125
1631027460,34316.351562
1631027520,34839.964844
1631027580,34823.316406
1631027640,34823.851562
1631027700,34634.386719
1631027760,34984.714844
1631027820,35145.851562
1631027880,35375.195312
1631027940,35346.257812
1631028000,35151.960938
1631028060,35380.703125
1631028120,35359.285156
1631028180,35458.984375
1631028240,35473.351562
1631028300,35323.902344
1631028360,35564.593750
1631028420,35557.546875
1631028480,35420.984375
1631028540,35182.843750
1631028600,35386.406250
1631028660,35340.281250
1631028720,35135.308594
1631028780,35318.460938
1631028840,35266.500000
1631028900,35237.093750
1631028960,35377.882812
1631029020,35451.667969
1631029080,35492.421875
1631029140,35596.953125
1631029200,35763.390625
1631029260,35851.144531
1631029320,35972.527344
1631029380,35876.523438
1631029440,35882.968750
1631029500,35750.636719
1631029560,35689.203125
1631029620,35607.562500
1631029680,35690.414062
1631029740,35743.250000
1631029800,35603.671875
1631029860,35571.507812
1631029920,35588.898438
1631029980,35674.906250
1631030040,35642.945312
1631030100,35744.859375
1631030160,35721.968750
1631030220,35764.464844
1631030280,35802.734375
1631030340,35734.523438
1631030400,35744.257812
1631030460,35770.242188
1631030520,35684.031250
1631030580,35636.835938
1631030640,35512.492188
1631030700,35650.933594
1631030760,35673.023438
1631030820,35693.632812
1631030880,35690.007812
1631030940,35766.679688
1631031000,35774.871094
1631031060,35858.125000
1631031120,35907.335938
1631031180,35853.898438
1631031240,35817.707031
1631031300,35866.851562
1631031360,35893.910156
1631031420,35904.320312
1631031480,35980.789062
1631031540,35969.441406
1631031600,35841.609375
1631031660,35894.179688
1631031720,35841.070312
1631031780,35779.976562
1631031840,35686.789062
1631031900,35704.511719
1631031960,35632.406250
1631032020,35661.476562
1631032080,35707.734375
1631032140,35780.515625
1631032200,35850.605469
1631032260,35862.492188
1631032320,35820.796875
1631032380,35904.320312
1631032440,35848.390625
1631032500,35826.234375
1631032560,35818.511719
1631032620,35854.703125
1631032680,35888.132812
1631032740,35944.460938
1631032800,35989.378906
1631032860,36025.101562
1631032920,36002.136719
1631032980,36065.585938
1631033040,36173.074219
1631033100,36345.617188
1631033160,36273.648438
1631033220,36235.648438
1631033280,36315.070312
1631033340,36304.328125
1631033400,36392.347656
1631033460,36397.718750
1631033520,36430.546875
1631033580,36339.039062
1631033640,36401.414062
1631033700,36456.464844
1631033760,36469.695312
1631033820,36548.847656
1631033880,36540.925781
1631033940,36456.601562
1631034000,36436.593750
1631034060,36400.941406
1631034120,36454.921875
1631034180,36427.195312
1631034240,36307.148438
1631034300,36278.546875
1631034360,36238.667969
1631034420,36272.238281
1631034480,36278.007812
1631034540,36336.625000
1631034600,36314.535156
1631034660,36293.656250
1631034720,36343.132812
1631034780,36299.429688
1631034840,36263.843750
1631034900,36261.898438
1631034960,36286.269531
1631035020,36307.281250
1631035080,36318.023438
1631035140,36408.730469
1631035200,36362.335938
1631035260,36277.406250
1631035320,36248.203125
1631035380,36173.812500
1631035440,36068.203125
1631035500,35953.125000
1631035560,36021.070312
1631035620,36052.089844
1631035680,35919.421875
1631035740,35777.960938
1631035800,35769.437500
1631035860,35780.515625
1631035920,35890.617188
1631035980,35914.585938
1631036040,35820.394531
1631036100,35887.062500
1631036160,35942.453125
1631036220,35824.890625
1631036280,35770.375000
1631036340,35756.679688
1631036400,35839.257812
1631036460,35737.406250
1631036520,35752.113281
1631036580,35730.023438
1631036640,35651.941406
1631036700,35759.363281
1631036760,35631.867188
1631036820,35589.367188
1631036880,35665.101562
1631036940,35683.566406
1631037000,35610.046875
1631037060,35675.171875
1631037120,35639.859375
1631037180,35714.449219
1631037240,35627.773438
1631037300,35601.656250
1631037360,35696.925781
1631037420,35568.015625
1631037480,35586.015625
1631037540,35539.015625
1631037600,35581.109375
1631037660,35600.515625
1631037720,35638.917969
1631037780,35649.324219
1631037840,35703.906250
1631037900,35633.882812
1631037960,35676.917969
1631038020,35728.347656
1631038080,35626.964844
1631038140,35588.023438
1631038200,35535.925781
1631038260,35535.390625
1631038320,35447.503906
1631038380,35522.835938
1631038440,35483.828125
1631038500,35340.753906
1631038560,35272.812500
1631038620,35243.601562
1631038680,35164.515625
1631038740,35246.359375
1631038800,35328.335938
1631038860,35477.582031
1631038920,35476.171875
1631038980,35442.871094
1631039040,35538.609375
1631039100,35551.835938
1631039160,35573.523438
1631039220,35593.328125
1631039280,35643.617188
1631039340,35634.554688
1631039400,35651.136719
1631039460,35557.273438
1631039520,35575.203125
1631039580,35561.437500
1631039640,35508.804688
1631039700,35447.503906
1631039760,35721.765625
1631039820,35810.390625
1631039880,35759.632812
1631039940,35782.328125
1631040000,35743.453125
1631040060,35772.789062
1631040120,35832.273438
1631040180,35847.179688
1631040240,35845.503906
1631040300,35843.554688
1631040360,35792.261719
1631040420,35805.085938
1631040480,35780.851562
1631040540,35748.488281
1631040600,35702.500000
1631040660,35720.023438
1631040720,35724.117188
1631040780,35747.617188
1631040840,35664.226562
1631040900,35686.652344
1631040960,35692.226562
1631041020,35665.437500
1631041080,35652.273438
1631041140,35686.046875
1631041200,35619.042969
1631041260,35645.496094
1631041320,35694.171875
1631041380,35631.398438
1631041440,35593.796875
1631041500,35627.570312
1631041560,35558.753906
1631041620,35590.914062
1631041680,35611.789062
1631041740,35573.253906
1631041800,35633.144531
1631041860,35689.468750
1631041920,35712.164062
1631041980,35734.722656
1631042040,35732.171875
1631042100,35759.968750
1631042160,35780.109375
1631042220,35796.089844
1631042280,35828.179688
1631042340,35782.257812
1631042400,35758.828125
1631042460,35834.359375
1631042520,35782.929688
1631042580,35834.089844
1631042640,35868.796875
1631042700,35848.656250
1631042760,35783.531250
1631042820,35783.265625
1631042880,35789.710938
1631042940,35800.183594
1631043000,35783.335938
1631043060,35735.460938
1631043120,35715.992188
1631043180,35686.046875
1631043240,35676.109375
1631043300,35615.953125
1631043360,35588.898438
1631043420,35614.812500
1631043480,35567.007812
1631043540,35542.304688
1631043600,35535.925781
1631043660,35561.773438
1631043720,35597.562500
1631043780,35627.773438
1631043840,35647.445312
1631043900,35589.503906
1631043960,35627.437500
1631044020,35701.558594
1631044080,35706.792969
1631044140,35729.085938
1631044200,35709.816406
1631044260,35660.937500
1631044320,35626.562500
1631044380,35585.140625
1631044440,35583.460938
1631044500,35584.335938
1631044560,35603.265625
1631044620,35546.195312
1631044680,35459.523438
1631044740,35460.593750
1631044800,35510.882812
1631044860,35561.640625
1631044920,35594.406250
1631044980,35620.320312
1631045040,35646.906250
1631045100,35571.242188
1631045160,35505.109375
1631045220,35489.265625
1631045280,35459.722656
1631045340,35477.179688
1631045400,35466.437500
1631045460,35483.695312
1631045520,35510.679688
1631045580,35574.734375
1631045640,35551.769531
1631045700,35473.152344
1631045760,35457.910156
1631045820,35664.226562
1631045880,35674.500000
1631045940,35736.742188
1631046000,35705.851562
1631046060,35687.054688
1631046120,35722.703125
1631046180,35679.738281
1631046240,35716.328125
1631046300,35696.253906
1631046360,35664.632812
1631046420,35639.250000
1631046480,35647.710938
1631046540,35577.015625
1631046600,35536.261719
1631046660,35566.007812
1631046720,35478.722656
1631046780,35471.273438
1631046840,35489.867188
1631046900,35463.687500
1631046960,35429.984375
1631047020,35395.875000
1631047080,35399.570312
1631047140,35337.261719
1631047200,35297.851562
1631047260,35314.437500
1631047320,35293.218750
1631047380,35234.000000
1631047440,35203.718750
1631047500,35171.093750
1631047560,35164.042969
1631047620,35159.144531
1631047680,35139.742188
1631047740,35193.585938
1631047800,35246.828125
1631047860,35290.332031
1631047920,35473.554688
1631047980,35490.472656
1631048040,35461.535156
1631048100,35380.703125
1631048160,35460.125000
1631048220,35483.156250
1631048280,35428.636719
1631048340,35471.812500
1631048400,35550.226562
1631048460,35537.132812
1631048520,35525.183594
1631048580,35525.519531
1631048640,35530.554688
1631048700,35503.500000
1631048760,35453.007812
1631048820,35418.164062
1631048880,35428.031250
1631048940,35404.265625
1631049000,35356.328125
1631049060,35417.828125
1631049120,35424.878906
1631049180,35375.734375
1631049240,35355.054688
1631049300,35284.757812
1631049360,35230.511719
1631049420,35265.156250
1631049480,35147.460938
1631049540,35194.187500
1631049600,35240.445312
1631049660,35154.242188
1631049720,35150.546875
1631049780,35100.597656
1631049840,35049.570312
1631049900,35025.269531
1631049960,34901.332031
1631050020,35000.695312
1631050080,35019.089844
1631050140,35004.187500
1631050200,35077.968750
1631050260,35045.007812
1631050320,35100.933594
1631050380,35095.898438
1631050440,35133.292969
1631050500,35153.570312
1631050560,35129.335938
1631050620,35066.625000
1631050680,34985.257812
1631050740,34952.421875
1631050800,34880.113281
1631050860,34855.140625
1631050920,34954.171875
1631050980,35010.765625
1631051040,34920.796875
1631051100,35059.175781
1631051160,35034.332031
1631051220,35045.750000
1631051280,35094.687500
1631051340,35119.460938
1631051400,35073.070312
1631051460,35043.664062
1631051520,34983.910156
1631051580,35046.687500
1631051640,35063.132812
1631051700,35019.226562
1631051760,34984.648438
1631051820,35090.593750
1631051880,35148.398438
1631051940,35209.027344
1631052000,35132.691406
1631052060,35104.425781
1631052120,34973.972656
1631052180,34985.656250
1631052240,35080.320312
1631052300,35112.414062
1631052360,35093.347656
1631052420,35197.078125
1631052480,35208.085938
1631052540,35243.132812
1631052600,35241.253906
1631052660,35306.445312
1631052720,35289.929688
1631052780,35251.796875
1631052840,35253.945312
1631052900,35216.210938
1631052960,35182.507812
1631053020,35199.562500
1631053080,35276.769531
1631053140,35397.417969
1631053200,35408.296875
1631053260,35369.687500
1631053320,35469.523438
1631053380,35493.093750
1631053440,35522.968750
1631053500,35525.382812
1631053560,35532.367188
1631053620,35521.023438
1631053680,35552.242188
1631053740,35591.988281
1631053800,35592.656250
1631053860,35594.738281
1631053920,35611.593750
1631053980,35565.000000
1631054040,35647.507812
1631054100,35627.773438
1631054160,35603.804688
1631054220,35580.906250
1631054280,35600.984375
1631054340,35593.531250
1631054400,35627.101562
1631054460,35616.761719
1631054520,35669.062500
1631054580,35653.753906
1631054640,35690.414062
1631054700,35672.417969
1631054760,35617.234375
1631054820,35607.226562
1631054880,35631.332031
1631054940,35679.000000
1631055000,35638.648438
1631055060,35645.562500
1631055120,35652.078125
1631055180,35653.152344
1631055240,35693.234375
1631055300,35661.140625
1631055360,35611.992188
1631055420,35585.406250
1631055480,35570.773438
1631055540,35618.976562
1631055600,35542.171875
1631055660,35522.562500
1631055720,35523.437500
1631055780,35537.937500
1631055840,35510.281250
1631055900,35556.269531
1631055960,35481.406250
1631056020,35431.054688
1631056080,35442.535156
1631056140,35459.187500
1631056200,35370.632812
1631056260,35332.765625
1631056320,35371.703125
1631056380,35312.757812
1631056440,35358.476562
1631056500,35384.328125
1631056560,35430.851562
1631056620,35466.703125
1631056680,35495.039062
1631056740,35510.281250
1631056800,35551.636719
1631056860,35596.953125
1631056920,35592.253906
1631056980,35595.414062
1631057040,35562.375000
1631057100,35608.968750
1631057160,35699.679688
1631057220,35724.046875
1631057280,35748.957031
1631057340,35717.804688
1631057400,35686.992188
1631057460,35633.078125
1631057520,35618.843750
1631057580,35625.421875
1631057640,35666.109375
1631057700,35582.855469
1631057760,35576.476562
1631057820,35566.273438
1631057880,35546.937500
1631057940,35580.843750
1631058000,35526.660156
1631058060,35554.054688
1631058120,35552.914062
1631058180,35557.480469
1631058240,35622.601562
1631058300,35562.781250
1631058360,35590.175781
1631058420,35523.976562
1631058480,35611.121094
1631058540,35662.414062
1631058600,35720.359375
1631058660,35627.437500
1631058720,35596.953125
1631058780,35589.503906
1631058840,35517.460938
1631058900,35527.062500
1631058960,35518.265625
1631059020,35550.832031
1631059080,35543.648438
1631059140,35612.796875
1631059200,35682.828125
1631059260,35602.664062
1631059320,35598.968750
1631059380,35512.492188
1631059440,35450.457031
1631059500,35406.546875
1631059560,35357.539062
1631059620,35262.804688
1631059680,35267.976562
1631059740,35296.843750
1631059800,35394.734375
1631059860,35458.109375
1631059920,35541.902344
1631059980,35422.863281
1631060040,35380.703125
1631060100,35440.386719
1631060160,35353.843750
1631060220,35318.796875
1631060280,35345.992188
1631060340,35305.640625
1631060400,35311.414062
1631060460,35335.179688
1631060520,35409.167969
1631060580,35406.484375
1631060640,35432.867188
1631060700,35470.796875
1631060760,35512.023438
1631060820,35532.437500
1631060880,35534.921875
1631060940,35540.625000
1631061000,35572.382812
1631061060,35636.164062
1631061120,35668.929688
1631061180,35631.601562
1631061240,35708.742188
1631061300,35720.828125
1631061360,35682.015625
1631061420,35643.820312
1631061480,35648.046875
1631061540,35641.335938
1631061600,35651.070312
1631061660,35685.039062
1631061720,35715.117188
1631061780,35729.085938
1631061840,35774.671875
1631061900,35746.203125
1631061960,35705.382812
1631062020,35701.085938
1631062080,35672.148438
1631062140,35676.250000
1631062200,35729.953125
1631062260,35729.085938
1631062320,35747.480469
1631062380,35754.593750
1631062440,35809.449219
1631062500,35777.089844
1631062560,35777.960938
1631062620,35738.750000
1631062680,35761.578125
1631062740,35774.132812
1631062800,35815.425781
1631062860,35771.851562
1631062920,35750.433594
1631062980,35712.570312
1631063040,35722.906250
1631063100,35701.828125
1631063160,35682.492188
1631063220,35704.175781
1631063280,35692.562500
1631063340,35677.117188
1631063400,35649.996094
1631063460,35612.867188
1631063520,35614.812500
1631063580,35590.578125
1631063640,35613.539062
1631063700,35644.558594
1631063760,35634.554688
1631063820,35639.250000
1631063880,35661.007812
1631063940,35709.613281
1631064000,35718.140625
1631064060,35688.601562
1631064120,35672.085938
1631064180,35723.109375
1631064240,35684.906250
1631064300,35615.484375
1631064360,35663.757812
1631064420,35713.375000
1631064480,35722.035156
1631064540,35717.671875
1631064600,35756.273438
1631064660,35783.468750
1631064720,35810.789062
1631064780,35820.058594
1631064840,35877.328125
1631064900,35915.796875
1631064960,35854.835938
1631065020,35884.175781
1631065080,35894.378906
1631065140,35911.234375
1631065200,35868.398438
1631065260,35874.640625
1631065320,35931.843750
1631065380,36070.351562
1631065440,36071.492188
1631065500,36007.640625
1631065560,35976.023438
1631065620,35958.027344
1631065680,36007.308594
1631065740,36018.656250
1631065800,35979.511719
1631065860,35974.273438
1631065920,35971.523438
1631065980,36049.132812
1631066040,36049.269531
1631066100,36058.867188
1631066160,36063.632812
1631066220,36170.253906
1631066280,36177.300781
1631066340,36203.285156
1631066400,36209.195312
1631066460,36186.367188
1631066520,36260.890625
1631066580,36207.382812
1631066640,36240.078125
1631066700,36216.109375
1631066760,36203.890625
1631066820,36174.550781
1631066880,36177.570312
1631066940,36195.027344
1631067000,36187.304688
1631067060,36215.437500
1631067120,36226.718750
1631067180,36233.632812
1631067240,36255.718750
1631067300,36214.164062
1631067360,36246.722656
1631067420,36202.414062
1631067480,36256.527344
1631067540,36245.312500
1631067600,36302.449219
1638595620,36257.093750
1638595680,36888.898438
1638595740,37230.527344
1638595800,37430.609375
1638595860,37561.851562
1638595920,37644.859375
1638595980,37641.511719
1638596040,37575.246094
1638596100,37572.218750
1638596160,37551.742188
1638596220,37652.781250
1638596280,37778.164062
1638596340,37709.390625
1638596400,37887.187500
1638596460,37784.796875
1638596520,37641.253906
1638596580,37842.820312
1638596640,37694.125000
1638596700,37746.289062
1638596760,37784.156250
1638596820,37938.964844
1638596880,38086.308594
1638596940,38092.812500
1638597000,37995.441406
1638597060,37900.007812
1638597120,37928.015625
1638597180,38153.343750
1638597240,38171.890625
1638597300,38267.261719
1638597360,38400.375000
1638597420,38422.335938
1638597480,38382.406250
1638597540,38383.757812
1638597600,38452.664062
1638597660,38469.406250
1638597720,38471.851562
1638597780,38321.164062
1638597840,38247.171875
1638597900,38302.746094
1638597960,38221.734375
1638598020,38362.894531
1638598080,38271.386719
1638598140,38271.062500
1638598200,38163.585938
1638598260,38131.449219
1638598320,38122.304688
1638598380,38054.429688
1638598440,38161.781250
1638598500,38265.011719
1638598560,38287.031250
1638598620,38299.078125
1638598680,38331.468750
1638598740,38406.492188
1638598800,38481.968750
1638598860,38494.070312
1638598920,38464.257812
1638598980,38458.074219
1638599040,38570.769531
1638599100,38613.144531
1638599160,38571.285156
1638599220,38609.406250
1638599280,38673.937500
1638599340,38684.046875
1638599400,38628.273438
1638599460,38650.234375
1638599520,38699.437500
1638599580,38797.964844
1638599640,38771.820312
1638599700,38800.476562
1638599760,38882.515625
1638599820,38922.765625
1638599880,38855.343750
1638599940,38789.011719
1638600000,38728.476562
1638600060,38674.835938
1638600120,38785.921875
1638600180,38777.550781
1638600240,38804.339844
1638600300,38750.570312
1638600360,38697.953125
1638600420,38686.816406
1638600480,38749.664062
1638600540,38755.781250
1638600600,38780.445312
1638600660,38749.343750
1638600720,38688.750000
1638600780,38710.125000
1638600840,38675.546875
1638600900,38646.375000
1638600960,38667.109375
1638601020,38699.437500
1638601080,38741.101562
1638601140,38725.324219
1638601200,38681.210938
1638601260,38719.140625
1638601320,38577.015625
1638601380,38599.683594
1638601440,38643.859375
1638601500,38561.304688
1638601560,38501.476562
1638601620,38489.242188
1638601680,38424.394531
1638601740,38374.355469
1638601800,38257.671875
1638601860,38346.539062
1638601920,38388.140625
1638601980,38333.914062
1638602040,38288.644531
1638602100,38368.304688
1638602160,38411.968750
1638602220,38478.101562
1638602280,38461.421875
1638602340,38451.632812
1638602400,38525.109375
1638602460,38537.992188
1638602520,38701.367188
1638602580,38717.082031
1638602640,38677.925781
1638602700,38715.406250
1638602760,38703.304688
1638602820,38721.976562
1638602880,38729.445312
1638602940,38737.171875
1638603000,38698.019531
1638603060,38605.929688
1638603120,38555.378906
1638603180,38585.578125
1638603240,38652.039062
1638603300,38718.046875
1638603360,38670.585938
1638603420,38587.125000
1638603480,38530.132812
1638603540,38478.746094
1638603600,38480.550781
1638603660,38494.523438
1638603720,38451.441406
1638603780,38538.570312
1638603840,38527.687500
1638603900,38419.890625
1638603960,38367.335938
1638604020,38378.800781
1638604080,38411.128906
1638604140,38317.558594
1638604200,38440.882812
1638604260,38429.671875
1638604320,38436.500000
1638604380,38490.726562
1638604440,38470.953125
1638604500,38502.703125
1638604560,38561.945312
1638604620,38557.695312
1638604680,38611.531250
1638604740,38686.683594
1638604800,38609.796875
1638604860,38657.835938
1638604920,38684.687500
1638604980,38699.757812
1638605040,38737.367188
1638605100,38756.558594
1638605160,38826.429688
1638605220,38839.308594
1638605280,38853.925781
1638605340,38879.171875
1638605400,38853.156250
1638605460,38893.207031
1638605520,38905.640625
1638605580,38890.953125
1638605640,38865.648438
1638605700,38825.078125
1638605760,38819.472656
1638605820,38993.343750
1638605880,38959.535156
1638605940,38978.019531
1638606000,38959.925781
1638606060,38938.546875
1638606120,38916.390625
1638606180,38915.171875
1638606240,38937.128906
1638606300,38956.832031
1638606360,38999.015625
1638606420,39066.308594
1638606480,39098.507812
1638606540,39132.640625
1638606600,39089.750000
1638606660,39068.628906
1638606720,39109.648438
1638606780,39049.179688
1638606840,39009.382812
1638606900,39007.898438
1638606960,39061.285156
1638607020,39190.789062
1638607080,39196.070312
1638607140,39129.289062
1638607200,39065.734375
1638607260,39035.718750
1638607320,39022.710938
1638607380,39021.359375
1638607440,39050.984375
1638607500,39017.625000
1638607560,39044.156250
1638607620,39026.445312
1638607680,38987.296875
1638607740,38988.132812
1638607800,38953.867188
1638607860,39016.015625
1638607920,39043.769531
1638607980,39034.945312
1638608040,39054.460938
1638608100,38997.664062
1638608160,39003.265625
1638608220,38986.523438
1638608280,38975.058594
1638608340,38974.609375
1638608400,38928.304688
1638608460,38928.179688
1638608520,38974.285156
1638608580,38991.093750
1638608640,38981.949219
1638608700,38980.339844
1638608760,38990.449219
1638608820,39008.222656
1638608880,38989.546875
1638608940,38956.187500
1638609000,38892.632812
1638609060,38880.070312
1638609120,38842.398438
1638609180,38841.562500
1638609240,38887.414062
1638609300,38876.468750
1638609360,38803.890625
1638609420,38784.828125
1638609480,38810.648438
1638609540,38801.890625
1638609600,38821.597656
1638609660,38843.429688
1638609720,38824.429688
1638609780,38889.410156
1638609840,38851.867188
1638609900,38791.781250
1638609960,38783.023438
1638610020,38858.367188
1638610080,38868.027344
1638610140,38829.843750
1638610200,38934.164062
1638610260,38931.718750
1638610320,38950.199219
1638610380,38955.414062
1638610440,38959.601562
1638610500,38974.023438
1638610560,38977.054688
1638610620,38992.640625
1638610680,38996.437500
1638610740,38944.597656
1638610800,38993.796875
1638610860,38915.101562
1638610920,38916.132812
1638610980,38886.835938
1638611040,38895.589844
1638611100,38911.882812
1638611160,38865.195312
1638611220,38857.726562
1638611280,38835.058594
1638611340,38796.679688
1638611400,38848.710938
1638611460,38777.613281
1638611520,38807.367188
1638611580,38829.906250
1638611640,38854.375000
1638611700,38843.109375
1638611760,38871.183594
1638611820,38888.957031
1638611880,38899.714844
1638611940,38932.359375
1638612000,38935.000000
1638612060,38934.035156
1638612120,38819.921875
1638612180,38819.921875
1638612240,38877.753906
1638612300,38833.382812
1638612360,38859.718750
1638612420,38957.351562
1638612480,39003.523438
1638612540,38967.585938
1638612600,39019.492188
1638612660,39031.085938
1638612720,39054.140625
1638612780,39031.984375
1638612840,38987.937500
1638612900,39022.839844
1638612960,39043.511719
1638613020,39055.429688
1638613080,38999.144531
1638613140,39013.054688
1638613200,38966.234375
1638613260,38916.390625
1638613320,38895.781250
1638613380,38892.050781
1638613440,38900.808594
1638613500,38885.996094
1638613560,38921.546875
1638613620,38871.507812
1638613680,38840.531250
1638613740,38843.171875
1638613800,38841.562500
1638613860,38799.511719
1638613920,38811.035156
1638613980,38754.625000
1638614040,38708.968750
1638614100,38722.683594
1638614160,38707.808594
1638614220,38681.664062
1638614280,38666.980469
1638614340,38662.988281
1638614400,38639.226562
1638614460,38593.312500
1638614520,38581.843750
1638614580,38630.273438
1638614640,38678.312500
1638614700,38706.007812
1638614760,38747.343750
1638614820,38769.757812
1638614880,38771.367188
1638614940,38669.359375
1638615000,38660.992188
1638615060,38723.390625
1638615120,38695.250000
1638615180,38771.304688
1638615240,38778.968750
1638615300,38748.378906
1638615360,38835.507812
1638615420,38859.851562
1638615480,38858.691406
1638615540,38839.695312
1638615600,38838.531250
1638615660,38763.835938
1638615720,38722.617188
1638615780,38745.804688
1638615840,38712.828125
1638615900,38764.671875
1638615960,38687.648438
1638616020,38664.984375
1638616080,38653.714844
1638616140,38625.445312
1638616200,38639.867188
1638616260,38643.085938
1638616320,38684.367188
1638616380,38693.703125
1638616440,38699.179688
1638616500,38706.132812
1638616560,38637.164062
1638616620,38595.175781
1638616680,38634.523438
1638616740,38695.121094
1638616800,38567.808594
1638616860,38600.007812
1638616920,38576.757812
1638616980,38557.179688
1638617040,38551.257812
1638617100,38605.671875
1638617160,38603.164062
1638617220,38597.687500
1638617280,38585.578125
1638617340,38622.484375
1638617400,38645.984375
1638617460,38507.531250
1638617520,38509.078125
1638617580,38470.890625
1638617640,38465.609375
1638617700,38461.296875
1638617760,38451.765625
1638617820,38453.437500
1638617880,38439.976562
1638617940,38307.382812
1638618000,38368.625000
1638618060,38355.875000
1638618120,38365.085938
1638618180,38296.953125
1638618240,38327.414062
1638618300,38430.898438
1638618360,38517.703125
1638618420,38484.734375
1638618480,38470.824219
1638618540,38439.269531
1638618600,38506.757812
1638618660,38535.289062
1638618720,38537.089844
1638618780,38506.242188
1638618840,38559.500000
1638618900,38591.570312
1638618960,38641.863281
1638619020,38620.613281
1638619080,38552.929688
1638619140,38511.843750
1638619200,38595.757812
1638619260,38648.046875
1638619320,38649.851562
1638619380,38660.476562
1638619440,38654.296875
1638619500,38703.171875
1638619560,38659.316406
1638619620,38624.093750
1638619680,38657.640625
1638619740,38629.757812
1638619800,38664.210938
1638619860,38754.820312
1638619920,38776.390625
1638619980,38779.093750
1638620040,38792.750000
1638620100,38826.812500
1638620160,38821.343750
1638620220,38823.531250
1638620280,38850.515625
1638620340,38868.480469
1638620400,39009.062500
1638620460,39065.085938
1638620520,39067.660156
1638620580,39120.148438
1638620640,39055.683594
1638620700,39058.453125
1638620760,39071.656250
1638620820,38999.207031
1638620880,38950.585938
1638620940,38900.355469
1638621000,38909.953125
1638621060,38909.570312
1638621120,38956.000000
1638621180,38945.242188
1638621240,39015.242188
1638621300,38943.054688
1638621360,38946.789062
1638621420,38965.460938
1638621480,38975.382812
1638621540,38961.019531
1638621600,38933.714844
1638621660,38882.195312
1638621720,38901.132812
1638621780,38879.617188
1638621840,38892.820312
1638621900,38857.273438
1638621960,38819.664062
1638622020,38877.562500
1638622080,38900.289062
1638622140,38875.113281
1638622200,38924.312500
1638622260,38883.550781
1638622320,38801.054688
1638622380,38788.109375
1638622440,38792.878906
1638622500,38801.187500
1638622560,38771.687500
1638622620,38772.140625
1638622680,38777.484375
1638622740,38795.066406
1638622800,38766.601562
1638622860,38804.789062
1638622920,38814.000000
1638622980,38821.085938
1638623040,38786.050781
1638623100,38811.359375
1638623160,38776.195312
1638623220,38792.554688
1638623280,38825.140625
1638623340,38852.058594
1638623400,38806.398438
1638623460,38831.515625
1638623520,38878.007812
1638623580,38848.710938
1638623640,38878.781250
1638623700,38925.921875
1638623760,38925.148438
1638623820,38907.761719
1638623880,38820.953125
1638623940,38782.253906
1638624000,38728.546875
1638624060,38705.812500
1638624120,38743.355469
1638624180,38758.167969
1638624240,38810.781250
1638624300,38819.023438
1638624360,38860.687500
1638624420,38885.929688
1638624480,38870.089844
1638624540,38907.761719
1638624600,39020.457031
1638624660,38980.078125
1638624720,38949.363281
1638624780,38990.000000
1638624840,39090.265625
1638624900,39050.078125
1638624960,39074.617188
1638625020,39060.191406
1638625080,38986.843750
1638625140,38986.906250
1638625200,39007.515625
1638625260,39055.812500
1638625320,39053.750000
1638625380,39093.484375
1638625440,39076.226562
1638625500,39039.195312
1638625560,39037.914062
1638625620,39009.062500
1638625680,39025.417969
1638625740,39062.832031
1638625800,39040.164062
1638625860,39026.253906
1638625920,39024.707031
1638625980,39006.484375
1638626040,39055.039062
1638626100,39064.378906
1638626160,39092.906250
1638626220,39141.718750
1638626280,39152.921875
1638626340,39146.421875
1638626400,39113.773438
1638626460,39193.429688
1638626520,39198.582031
1638626580,39162.070312
1638626640,39124.203125
1638626700,39097.414062
1638626760,39063.218750
1638626820,39077.707031
1638626880,39078.804688
1638626940,39082.734375
1638627000,39084.664062
1638627060,39100.375000
1638627120,39106.621094
1638627180,39118.277344
1638627240,39153.761719
1638627300,39139.914062
1638627360,39120.593750
1638627420,39153.375000
1638627480,39176.234375
1638627540,39171.601562
1638627600,39193.492188
1638627660,39150.992188
1638627720,39208.109375
1638627780,39226.468750
1638627840,39211.460938
1638627900,39181.390625
1638627960,39199.484375
1638628020,39222.925781
1638628080,39246.687500
1638628140,39203.859375
1638628200,39185.703125
1638628260,39212.039062
1638628320,39181.968750
1638628380,39188.214844
1638628440,39154.339844
1638628500,39129.164062
1638628560,39111.195312
1638628620,39111.648438
1638628680,39134.828125
1638628740,39127.226562
1638628800,39134.312500
1638628860,39198.328125
1638628920,39300.140625
1638628980,39295.242188
1638629040,39290.414062
1638629100,39330.917969
1638629160,39352.554688
1638629220,39449.734375
1638629280,39468.218750
1638629340,39498.609375
